--------
Eval for Test Image: 0.984942
Label for Test Image: 1
Test Image:
--------
  0   0   0   0   0   0   0   0   0   0   0   0   0   0   0   0   0   0   0   0   0   0   0   0   0   0   0   0 
  0   0   0   0   0   0   0   0   0   0   0   0   0   0   0   0   0   0   0   0   0   0   0   0   0   0   0   0 
  0   0   0   0   0   0   0   0   0   0   0   0   0   0   0   0   0   0   0   0   0   0   0   0   0   0   0   0 
  0   0   0   0   0   0   0   0   0   0   0   0   0   0   0   0   0   0   0   0   0   0   0   0   0   0   0   0 
  0   0   0   0   0   0   0   0   0   0   0   0   0   0   0   0   0   0   0   0   0   0   0   0   0   0   0   0 
  0   0   0   0   0   0   0   0   0   0   0   0   0  34  63  53  16   0   0  21 211 177   0   0   0   0   0   0 
  0   0   0   0   0   0   0   0   0   0   0   0  78 254 253 253 121   0   0 199 253 176   0   0   0   0   0   0 
  0   0   0   0   0   0   0   0   0   0   0   0  68 211 253 253  78   0   0 232 253 176   0   0   0   0   0   0 
  0   0   0   0   0   0   0   0   0   0   0   0 107 250 253 245  10   0  47 243 253 176   0   0   0   0   0   0 
  0   0   0   0   0   0   0   0   0   0   0  76 204 254 239  73   0   0 161 253 253 104   0   0   0   0   0   0 
  0   0   0   0   0   0   0   0   0   0  16 211 253 243  74   0   0  44 242 253 238  43   0   0   0   0   0   0 
  0   0   0   0   0   0   0   0   0  11 193 253 253 163   0   0   0  56 253 253 108   0   0   0   0   0   0   0 
  0   0   0   0   0   0   0   0  16 193 253 253 186   0   0   0   0 124 253 251  82   0   0   0   0   0   0   0 
  0   0   0   0   0   0   0  51 187 253 253 162  37   0   0   0   7 193 253 242   0   0   0   0   0   0   0   0 
  0   0   0   0   0   0   0 166 253 249 143  37   0   0   0   0 120 253 253 242   0   0   0   0   0   0   0   0 
  0   0   0   0   0  72 250 254 254 245 102 144 144 159 254 206 255 254 254 253  87   0   0   0   0   0   0   0 
  0   0   0   0  76 240 253 253 253 253 253 253 253 254 253 253 253 253 230  83   0   0   0   0   0   0   0   0 
  0   0   0   0 177 253 253 253 253 253 253 179 197 140  44 218 253 232  52   0   0   0   0   0   0   0   0   0 
  0   0   0   0  85 121 121 121 121 117  10   3   5   0   6 214 253 198   0   0   0   0   0   0   0   0   0   0 
  0   0   0   0   0   0   0   0   0   0   0   0   0   8 155 253 249 107   0   0   0   0   0   0   0   0   0   0 
  0   0   0   0   0   0   0   0   0   0   0   0   0   8 193 253 231   0   0   0   0   0   0   0   0   0   0   0 
  0   0   0   0   0   0   0   0   0   0   0   0   0   2 180 253 173   0   0   0   0   0   0   0   0   0   0   0 
  0   0   0   0   0   0   0   0   0   0   0   0   0  53 253 236   9   0   0   0   0   0   0   0   0   0   0   0 
  0   0   0   0   0   0   0   0   0   0   0   0   0 226 253 154   0   0   0   0   0   0   0   0   0   0   0   0 
  0   0   0   0   0   0   0   0   0   0   0   0   0 206 253 106   0   0   0   0   0   0   0   0   0   0   0   0 
  0   0   0   0   0   0   0   0   0   0   0   0   0   0   0   0   0   0   0   0   0   0   0   0   0   0   0   0 
  0   0   0   0   0   0   0   0   0   0   0   0   0   0   0   0   0   0   0   0   0   0   0   0   0   0   0   0 
  0   0   0   0   0   0   0   0   0   0   0   0   0   0   0   0   0   0   0   0   0   0   0   0   0   0   0   0 
--------
Eval for all zeroes: 0.528389
Integrated gradients wrt all zeroes:
--------
  0   0   0   0   0   0   0   0   0   0   0   0   0   0   0   0   0   0   0   0   0   0   0   0   0   0   0   0 
  0   0   0   0   0   0   0   0   0   0   0   0   0   0   0   0   0   0   0   0   0   0   0   0   0   0   0   0 
  0   0   0   0   0   0   0   0   0   0   0   0   0   0   0   0   0   0   0   0   0   0   0   0   0   0   0   0 
  0   0   0   0   0   0   0   0   0   0   0   0   0   0   0   0   0   0   0   0   0   0   0   0   0   0   0   0 
  0   0   0   0   0   0   0   0   0   0   0   0   0   0   0   0   0   0   0   0   0   0   0   0   0   0   0   0 
  0   0   0   0   0   0   0   0   0   0   0   0   0   0   3   4   1   0   0   0   6   7   0   0   0   0   0   0 
  0   0   0   0   0   0   0   0   0   0   0   0   3  13  14   5   0   0   0  -5   1   8   0   0   0   0   0   0 
  0   0   0   0   0   0   0   0   0   0   0   0   2  -3 -24 -40 -11   0   0 -13  -2   6   0   0   0   0   0   0 
  0   0   0   0   0   0   0   0   0   0   0   0  -6 -30 -47 -52  -1   0  -4 -22  -8  -1   0   0   0   0   0   0 
  0   0   0   0   0   0   0   0   0   0   0  -4 -22 -39 -43 -13   0   0  -5 -10  -2  -2   0   0   0   0   0   0 
  0   0   0   0   0   0   0   0   0   0   0  -7  -5 -26 -10   0   0   0   0  -8  -5   0   0   0   0   0   0   0 
  0   0   0   0   0   0   0   0   0   0  11  13  13  -8   0   0   0   1  -1  -9  -4   0   0   0   0   0   0   0 
  0   0   0   0   0   0   0   0   0  17  27  31  23   0   0   0   0   3   5  -7  -1   0   0   0   0   0   0   0 
  0   0   0   0   0   0   0   4  20  24  31  21   3   0   0   0   0  17  19   1   0   0   0   0   0   0   0   0 
  0   0   0   0   0   0   0  17  28  21  10   2   0   0   0   0   9  26  25  16   0   0   0   0   0   0   0   0 
  0   0   0   0   0   2  12  16  26  19   4   1   0   3  13  16  19  24  21  19   3   0   0   0   0   0   0   0 
  0   0   0   0   1   9   7   8   8   6   0   3   4  15  26  27  23  31  21   6   0   0   0   0   0   0   0   0 
  0   0   0   0   2   1   1   0  -1  -3  -7   4  12  20   7  21  20  17   2   0   0   0   0   0   0   0   0   0 
  0   0   0   0   1   1  -1   0   0   0   0   0   0   0   0  13  13   2   0   0   0   0   0   0   0   0   0   0 
  0   0   0   0   0   0   0   0   0   0   0   0   0   0   0   2   5   0   0   0   0   0   0   0   0   0   0   0 
  0   0   0   0   0   0   0   0   0   0   0   0   0   0  -2   3   0   0   0   0   0   0   0   0   0   0   0   0 
  0   0   0   0   0   0   0   0   0   0   0   0   0   0   1   1   1   0   0   0   0   0   0   0   0   0   0   0 
  0   0   0   0   0   0   0   0   0   0   0   0   0  -1   4   7   0   0   0   0   0   0   0   0   0   0   0   0 
  0   0   0   0   0   0   0   0   0   0   0   0   0  -3   4   3   0   0   0   0   0   0   0   0   0   0   0   0 
  0   0   0   0   0   0   0   0   0   0   0   0   0  -5   0  -1   0   0   0   0   0   0   0   0   0   0   0   0 
  0   0   0   0   0   0   0   0   0   0   0   0   0   0   0   0   0   0   0   0   0   0   0   0   0   0   0   0 
  0   0   0   0   0   0   0   0   0   0   0   0   0   0   0   0   0   0   0   0   0   0   0   0   0   0   0   0 
  0   0   0   0   0   0   0   0   0   0   0   0   0   0   0   0   0   0   0   0   0   0   0   0   0   0   0   0 
--------



--------
Eval for Test Image: 8.76823e-16
Label for Test Image: 0
Test Image:
--------
  0   0   0   0   0   0   0   0   0   0   0   0   0   0   0   0   0   0   0   0   0   0   0   0   0   0   0   0 
  0   0   0   0   0   0   0   0   0   0   0   0   0   0   0   0   0   0   0   0   0   0   0   0   0   0   0   0 
  0   0   0   0   0   0   0   0   0   0   0   0   0   0   0   0   0   0   0   0   0   0   0   0   0   0   0   0 
  0   0   0   0   0   0   0   0   0   0   0   0   0   0   0   0   0   0   0   0   0   0   0   0   0   0   0   0 
  0   0   0   0   0   0   0   0   0   0   0   0   0   0   0   0   0   0   0   0   0   0   0   0   0   0   0   0 
  0   0   0   0   0   0   0   0   0   0   0   0   0   0   0   0   0   0   0   0   0   0   0   0   0   0   0   0 
  0   0   0   0   0   0   0   0   0   0   0   0   0   0   0   0   0   0   0   0   0   0   0   0   0   0   0   0 
  0   0   0   0   0   0   0   0   0   0   0   0   0   9  50  12  52 170  71  28 127 180 228 134   0   0   0   0 
  0   0   0   0   0   0   0   0   0   0   0  93 177 222 212 204 230 254 244 237 254 254 254 166   0   0   0   0 
  0   0   0   0   0   0   0   0   0   0 124 214 254 251 240 232 230 142 120 104 254 254 236  16   0   0   0   0 
  0   0   0   0   0   0   0   0   0   0   0 219 225 128  24   0   0   0  33 186 254 241  62   0   0   0   0   0 
  0   0   0   0   0   0   0   0   0   0   0   0   0   0   0   0   0  56 252 254 227  44   0   0   0   0   0   0 
  0   0   0   0   0   0   0   0   0   0   0   0   0   0   0   0  27 161 254 195  79   0   0   0   0   0   0   0 
  0   0   0   0   0   0   0   0   0   0   0   0   0   0  91 148 219 254 195  16   0   0   0   0   0   0   0   0 
  0   0   0   0   0   0   0   0   0   0   0 102 218 224 249 254 254 183  12   0   0   0   0   0   0   0   0   0 
  0   0   0   0   0   0   0   0   0   2 154 254 254 254 240 194 254 174   0   0   0   0   0   0   0   0   0   0 
  0   0   0   0   0   0   0   0   0   6 221 254 244 111  31  18 254 174   0   0   0   0   0   0   0   0   0   0 
  0   0   0   0   0   0   0   0   0   0  79 160  36   0   0  53 254 201   3   0   0   0   0   0   0   0   0   0 
  0   0   0   0   0   0   0   0   0   0   0   0   0   0  10 215 253  58   0   0   0   0   0   0   0   0   0   0 
  0   0   0   0   0   0   0  57  68  71  50   0   0  36 123 250 152   0   0   0   0   0   0   0   0   0   0   0 
  0   0   0   0  62 165 233 251 254 217  61 167 233 244 254 135   0   0   0   0   0   0   0   0   0   0   0   0 
  0   0   0   0 211 254 255 254 254 254 254 229 214 198  83   8   0   0   0   0   0   0   0   0   0   0   0   0 
  0   0   0   0  49  71 138 138 138 138  77  18   0   0   0   0   0   0   0   0   0   0   0   0   0   0   0   0 
  0   0   0   0   0   0   0   0   0   0   0   0   0   0   0   0   0   0   0   0   0   0   0   0   0   0   0   0 
  0   0   0   0   0   0   0   0   0   0   0   0   0   0   0   0   0   0   0   0   0   0   0   0   0   0   0   0 
  0   0   0   0   0   0   0   0   0   0   0   0   0   0   0   0   0   0   0   0   0   0   0   0   0   0   0   0 
  0   0   0   0   0   0   0   0   0   0   0   0   0   0   0   0   0   0   0   0   0   0   0   0   0   0   0   0 
  0   0   0   0   0   0   0   0   0   0   0   0   0   0   0   0   0   0   0   0   0   0   0   0   0   0   0   0 
--------
Eval for all zeroes: 0.528389
Integrated gradients wrt all zeroes:
--------
  0   0   0   0   0   0   0   0   0   0   0   0   0   0   0   0   0   0   0   0   0   0   0   0   0   0   0   0 
  0   0   0   0   0   0   0   0   0   0   0   0   0   0   0   0   0   0   0   0   0   0   0   0   0   0   0   0 
  0   0   0   0   0   0   0   0   0   0   0   0   0   0   0   0   0   0   0   0   0   0   0   0   0   0   0   0 
  0   0   0   0   0   0   0   0   0   0   0   0   0   0   0   0   0   0   0   0   0   0   0   0   0   0   0   0 
  0   0   0   0   0   0   0   0   0   0   0   0   0   0   0   0   0   0   0   0   0   0   0   0   0   0   0   0 
  0   0   0   0   0   0   0   0   0   0   0   0   0   0   0   0   0   0   0   0   0   0   0   0   0   0   0   0 
  0   0   0   0   0   0   0   0   0   0   0   0   0   0   0   0   0   0   0   0   0   0   0   0   0   0   0   0 
  0   0   0   0   0   0   0   0   0   0   0   0   0   0  -6  -2  -8 -31 -11  -3  -7  -2  10   5   0   0   0   0 
  0   0   0   0   0   0   0   0   0   0   0  -3 -12 -27 -44 -47 -49 -49 -41 -34 -14 -12  -6  -4   0   0   0   0 
  0   0   0   0   0   0   0   0   0   0  -4 -17 -29 -41 -52 -50 -35 -15  -7  -5  -2 -10 -10   0   0   0   0   0 
  0   0   0   0   0   0   0   0   0   0   0 -13  -8 -15  -4   0   0   0   1  -1  -3  -8  -2   0   0   0   0   0 
  0   0   0   0   0   0   0   0   0   0   0   0   0   0   0   0   0   4  11  -2 -11  -1   0   0   0   0   0   0 
  0   0   0   0   0   0   0   0   0   0   0   0   0   0   0   0   2  10  13  -5  -4   0   0   0   0   0   0   0 
  0   0   0   0   0   0   0   0   0   0   0   0   0   0  -2   7  16  31  19   0   0   0   0   0   0   0   0   0 
  0   0   0   0   0   0   0   0   0   0   0  12   7   1  -2  14  29  26   1   0   0   0   0   0   0   0   0   0 
  0   0   0   0   0   0   0   0   0   0   7   4   0   3  18  23  30  20   0   0   0   0   0   0   0   0   0   0 
  0   0   0   0   0   0   0   0   0   0   1   5  10   9   5   2  32  24   0   0   0   0   0   0   0   0   0   0 
  0   0   0   0   0   0   0   0   0   0   0   7   3   0   0   7  21  16   0   0   0   0   0   0   0   0   0   0 
  0   0   0   0   0   0   0   0   0   0   0   0   0   0   0  18   8   0   0   0   0   0   0   0   0   0   0   0 
  0   0   0   0   0   0   0  -2  -4  -5  -2   0   0   2   5   8  -2   0   0   0   0   0   0   0   0   0   0   0 
  0   0   0   0   0  -4 -14 -21 -20 -12  -2   2   3  -9   2   1   0   0   0   0   0   0   0   0   0   0   0   0 
  0   0   0   0  -2  -6 -14 -18 -15 -10  -8  -4  -8 -18   0   0   0   0   0   0   0   0   0   0   0   0   0   0 
  0   0   0   0   0  -1  -2  -3  -5  -6  -1   0   0   0   0   0   0   0   0   0   0   0   0   0   0   0   0   0 
  0   0   0   0   0   0   0   0   0   0   0   0   0   0   0   0   0   0   0   0   0   0   0   0   0   0   0   0 
  0   0   0   0   0   0   0   0   0   0   0   0   0   0   0   0   0   0   0   0   0   0   0   0   0   0   0   0 
  0   0   0   0   0   0   0   0   0   0   0   0   0   0   0   0   0   0   0   0   0   0   0   0   0   0   0   0 
  0   0   0   0   0   0   0   0   0   0   0   0   0   0   0   0   0   0   0   0   0   0   0   0   0   0   0   0 
  0   0   0   0   0   0   0   0   0   0   0   0   0   0   0   0   0   0   0   0   0   0   0   0   0   0   0   0 
--------



--------
Eval for Test Image: 0.990516
Label for Test Image: 1
Test Image:
--------
  0   0   0   0   0   0   0   0   0   0   0   0   0   0   0   0   0   0   0   0   0   0   0   0   0   0   0   0 
  0   0   0   0   0   0   0   0   0   0   0   0   0   0   0   0   0   0   0   0   0   0   0   0   0   0   0   0 
  0   0   0   0   0   0   0   0   0   0   0   0   0   0   0   0   0   0   0   0   0   0   0   0   0   0   0   0 
  0   0   0   0   0   0   0   0   0   0   0   0   0   0   0   0   0   0   0   0   0   0   0   0   0   0   0   0 
  0   0   0   0   0   0   0   0   0   0   0   0   0   0   0   0   0   0   0   0   0   0   0   0   0   0   0   0 
  0   0   0   0   0   0   0   0  39  34   0   0   0   0   0  78 255  31   0   0   0   0   0   0   0   0   0   0 
  0   0   0   0   0   0   0   0  72 218  18   0   0   0   0  78 253 141   0   0   0   0   0   0   0   0   0   0 
  0   0   0   0   0   0   0   0  72 253  29   0   0   0   0  78 253 217  29   0   0   0   0   0   0   0   0   0 
  0   0   0   0   0   0   0   0  72 253 118   0   0   0   0  56 242 253 124   0   0   0   0   0   0   0   0   0 
  0   0   0   0   0   0   0   0  72 253 147   0   0   0   0   0 213 253 124   0   0   0   0   0   0   0   0   0 
  0   0   0   0   0   0   0   0  72 253 241  10   0   0   0   0 213 253 124   0   0   0   0   0   0   0   0   0 
  0   0   0   0   0   0   0   0  72 253 253  11   0   0   0   0 100 253 127   0   0   0   0   0   0   0   0   0 
  0   0   0   0   0   0   0   0  72 253 253  11   0   0   0   0  95 253 241   0   0   0   0   0   0   0   0   0 
  0   0   0   0   0   0   0   0  72 253 253  50   0   0  10  97  77 243 241   0   0   0   0   0   0   0   0   0 
  0   0   0   0   0   0   0   0  72 253 253 252 177 177 195 253 253 253 241   0   0   0   0   0   0   0   0   0 
  0   0   0   0   0   0   0   0  50 239 253 253 253 253 253 253 253 253 251  82   0   0   0   0   0   0   0   0 
  0   0   0   0   0   0   0   0   0  75 243 253 253 253 253 253 253 253 253 106   0   0   0   0   0   0   0   0 
  0   0   0   0   0   0   0   0   0   0 225 253 253 253 253 219 141 243 253 106   0   0   0   0   0   0   0   0 
  0   0   0   0   0   0   0   0   0   0   5   5   5   5   5   4   0 231 253 112   0   0   0   0   0   0   0   0 
  0   0   0   0   0   0   0   0   0   0   0   0   0   0   0   0   0 162 253 224   0   0   0   0   0   0   0   0 
  0   0   0   0   0   0   0   0   0   0   0   0   0   0   0   0   0  39 250 224   0   0   0   0   0   0   0   0 
  0   0   0   0   0   0   0   0   0   0   0   0   0   0   0   0   0   0 249 231  23   0   0   0   0   0   0   0 
  0   0   0   0   0   0   0   0   0   0   0   0   0   0   0   0   0   0 210 253 181   0   0   0   0   0   0   0 
  0   0   0   0   0   0   0   0   0   0   0   0   0   0   0   0   0   0 130 253 225  28   0   0   0   0   0   0 
  0   0   0   0   0   0   0   0   0   0   0   0   0   0   0   0   0   0  15 204 231  38   0   0   0   0   0   0 
  0   0   0   0   0   0   0   0   0   0   0   0   0   0   0   0   0   0   0   0   0   0   0   0   0   0   0   0 
  0   0   0   0   0   0   0   0   0   0   0   0   0   0   0   0   0   0   0   0   0   0   0   0   0   0   0   0 
  0   0   0   0   0   0   0   0   0   0   0   0   0   0   0   0   0   0   0   0   0   0   0   0   0   0   0   0 
--------
Eval for all zeroes: 0.528389
Integrated gradients wrt all zeroes:
--------
  0   0   0   0   0   0   0   0   0   0   0   0   0   0   0   0   0   0   0   0   0   0   0   0   0   0   0   0 
  0   0   0   0   0   0   0   0   0   0   0   0   0   0   0   0   0   0   0   0   0   0   0   0   0   0   0   0 
  0   0   0   0   0   0   0   0   0   0   0   0   0   0   0   0   0   0   0   0   0   0   0   0   0   0   0   0 
  0   0   0   0   0   0   0   0   0   0   0   0   0   0   0   0   0   0   0   0   0   0   0   0   0   0   0   0 
  0   0   0   0   0   0   0   0   0   0   0   0   0   0   0   0   0   0   0   0   0   0   0   0   0   0   0   0 
  0   0   0   0   0   0   0   0   0   0   0   0   0   0   0   0   1   0   0   0   0   0   0   0   0   0   0   0 
  0   0   0   0   0   0   0   0   0   0   0   0   0   0   0  -1  -4  -1   0   0   0   0   0   0   0   0   0   0 
  0   0   0   0   0   0   0   0   0   1   0   0   0   0   0  -3  -7  -2   0   0   0   0   0   0   0   0   0   0 
  0   0   0   0   0   0   0   0   0   0   0   0   0   0   0  -2  -5  -2   1   0   0   0   0   0   0   0   0   0 
  0   0   0   0   0   0   0   0   0   0   0   0   0   0   0   0  -1   0   1   0   0   0   0   0   0   0   0   0 
  0   0   0   0   0   0   0   0   0   3   4   0   0   0   0   0   2   5   2   0   0   0   0   0   0   0   0   0 
  0   0   0   0   0   0   0   0   1   7  10   0   0   0   0   0   2   8   2   0   0   0   0   0   0   0   0   0 
  0   0   0   0   0   0   0   0   2  11  15   0   0   0   0   0   3   8   6   0   0   0   0   0   0   0   0   0 
  0   0   0   0   0   0   0   0   3  13  17   3   0   0   0   2   3  13  10   0   0   0   0   0   0   0   0   0 
  0   0   0   0   0   0   0   0   3  12  12  11   4   1   2   8  14  16  12   0   0   0   0   0   0   0   0   0 
  0   0   0   0   0   0   0   0   2  12  10   9   8   6   7  12  16  15  11   3   0   0   0   0   0   0   0   0 
  0   0   0   0   0   0   0   0   0   3   8   7   9   9  12  17  17  15  11   2   0   0   0   0   0   0   0   0 
  0   0   0   0   0   0   0   0   0   0   3   4   6  11  15  13   6   8   5   0   0   0   0   0   0   0   0   0 
  0   0   0   0   0   0   0   0   0   0   0   0   0   0   0   0   0   2   0  -1   0   0   0   0   0   0   0   0 
  0   0   0   0   0   0   0   0   0   0   0   0   0   0   0   0   0   0  -3  -2   0   0   0   0   0   0   0   0 
  0   0   0   0   0   0   0   0   0   0   0   0   0   0   0   0   0   0  -1  -1   0   0   0   0   0   0   0   0 
  0   0   0   0   0   0   0   0   0   0   0   0   0   0   0   0   0   0   0   0   0   0   0   0   0   0   0   0 
  0   0   0   0   0   0   0   0   0   0   0   0   0   0   0   0   0   0   1   2   2   0   0   0   0   0   0   0 
  0   0   0   0   0   0   0   0   0   0   0   0   0   0   0   0   0   0   1   2   2   0   0   0   0   0   0   0 
  0   0   0   0   0   0   0   0   0   0   0   0   0   0   0   0   0   0   0   0   0   0   0   0   0   0   0   0 
  0   0   0   0   0   0   0   0   0   0   0   0   0   0   0   0   0   0   0   0   0   0   0   0   0   0   0   0 
  0   0   0   0   0   0   0   0   0   0   0   0   0   0   0   0   0   0   0   0   0   0   0   0   0   0   0   0 
  0   0   0   0   0   0   0   0   0   0   0   0   0   0   0   0   0   0   0   0   0   0   0   0   0   0   0   0 
--------



--------
Eval for Test Image: 2.23496e-11
Label for Test Image: 0
Test Image:
--------
  0   0   0   0   0   0   0   0   0   0   0   0   0   0   0   0   0   0   0   0   0   0   0   0   0   0   0   0 
  0   0   0   0   0   0   0   0   0   0   0   0   0   0   0   0   0   0   0   0   0   0   0   0   0   0   0   0 
  0   0   0   0   0   0   0   0   0   0   0   0   0   0   0   0   0   0   0   0   0   0   0   0   0   0   0   0 
  0   0   0   0   0   0   0   0   0   0   0   0   0   0   0   0   0   0   0   0   0   0   0   0   0   0   0   0 
  0   0   0   0   0   0   0   0   0   0   0   0   0   0   0  21  82 152 152 152 152 152 152 102   0   0   0   0 
  0   0   0   0   0   0   0   0   0   0   0   0   0   0  82 223 243 253 252 253 252 253 252 102   0   0   0   0 
  0   0   0   0   0   0   0   0 163 123   0   0  62 254 253 254 253 254 253 254 253 203 203  41   0   0   0   0 
  0   0   0   0   0   0   0  82 243 203   0  21 203 253 252 233 232 192 111  71  70   0   0   0   0   0   0   0 
  0   0   0   0   0   0   0 214 253 142   0  51 172  82   0   0   0   0   0   0   0   0   0   0   0   0   0   0 
  0   0   0   0   0   0  41 253 252 102   0  10  10   0   0   0   0   0   0   0   0   0   0   0   0   0   0   0 
  0   0   0   0   0   0 102 254 253 123   0   0   0   0   0   0   0   0   0   0   0   0   0   0   0   0   0   0 
  0   0   0   0   0   0  20 253 252 243 203 203 203 102  61   0   0   0   0   0   0   0   0   0   0   0   0   0 
  0   0   0   0   0   0   0 234 253 254 253 254 253 254 253 254 213  31  31   0   0   0   0   0   0   0   0   0 
  0   0   0   0   0   0   0 112 252 253 252 253 252 253 252 253 252 233 192   0   0   0   0   0   0   0   0   0 
  0   0   0   0   0   0   0   0   0 102 142 234 253 214 253 254 253 254 253 234  30   0   0   0   0   0   0   0 
  0   0   0   0   0   0   0   0   0   0   0  30  50  10 131 172 252 253 252 253 212   0   0   0   0   0   0   0 
  0   0   0   0   0   0   0  11  10   0   0   0   0   0   0   0   0  62 203 254 253   0   0   0   0   0   0   0 
  0   0   0   0   0   0   0  51  50   0   0   0   0   0   0   0   0   0  20 253 252   0   0   0   0   0   0   0 
  0   0   0   0   0   0   0  92 213  62   0   0   0   0   0   0   0  11 132 254 253   0   0   0   0   0   0   0 
  0   0   0   0   0   0   0  31 232 223 162  41   0   0   0   0  41 173 252 253 252   0   0   0   0   0   0   0 
  0   0   0   0   0   0   0   0 203 255 253 234 152 153 152 173 253 254 253 254  91   0   0   0   0   0   0   0 
  0   0   0   0   0   0   0   0  81 253 252 253 252 253 252 253 252 253 252  91  10   0   0   0   0   0   0   0 
  0   0   0   0   0   0   0   0   0 102 203 254 253 254 253 254 253 244 162   0   0   0   0   0   0   0   0   0 
  0   0   0   0   0   0   0   0   0   0  20 112  70 253 171 192 151  40   0   0   0   0   0   0   0   0   0   0 
  0   0   0   0   0   0   0   0   0   0   0   0   0   0   0   0   0   0   0   0   0   0   0   0   0   0   0   0 
  0   0   0   0   0   0   0   0   0   0   0   0   0   0   0   0   0   0   0   0   0   0   0   0   0   0   0   0 
  0   0   0   0   0   0   0   0   0   0   0   0   0   0   0   0   0   0   0   0   0   0   0   0   0   0   0   0 
  0   0   0   0   0   0   0   0   0   0   0   0   0   0   0   0   0   0   0   0   0   0   0   0   0   0   0   0 
--------
Eval for all zeroes: 0.528389
Integrated gradients wrt all zeroes:
--------
  0   0   0   0   0   0   0   0   0   0   0   0   0   0   0   0   0   0   0   0   0   0   0   0   0   0   0   0 
  0   0   0   0   0   0   0   0   0   0   0   0   0   0   0   0   0   0   0   0   0   0   0   0   0   0   0   0 
  0   0   0   0   0   0   0   0   0   0   0   0   0   0   0   0   0   0   0   0   0   0   0   0   0   0   0   0 
  0   0   0   0   0   0   0   0   0   0   0   0   0   0   0   0   0   0   0   0   0   0   0   0   0   0   0   0 
  0   0   0   0   0   0   0   0   0   0   0   0   0   0   0  -2  -8 -12 -11  -4   0   0   3   1   0   0   0   0 
  0   0   0   0   0   0   0   0   0   0   0   0   0   0  -9 -24 -19 -13 -13  -2   4   4   9   4   0   0   0   0 
  0   0   0   0   0   0   0   0  -6  -7   0   0  -8 -44 -49 -68 -65 -47 -32  -7   1   5  13   2   0   0   0   0 
  0   0   0   0   0   0   0  -1  -9 -14   0  -1 -30 -40 -59 -63 -46 -28  -8  -1   0   0   0   0   0   0   0   0 
  0   0   0   0   0   0   0   0 -10  -5   0  -2  -9  -4   0   0   0   0   0   0   0   0   0   0   0   0   0   0 
  0   0   0   0   0   0  -1   0 -10  -1   0   0   0   0   0   0   0   0   0   0   0   0   0   0   0   0   0   0 
  0   0   0   0   0   0  -3   0  -1  11   0   0   0   0   0   0   0   0   0   0   0   0   0   0   0   0   0   0 
  0   0   0   0   0   0   0   1  11  32  32  37  39   1   0   0   0   0   0   0   0   0   0   0   0   0   0   0 
  0   0   0   0   0   0   0  14  27  27  36  48  34  -2  -7  27  22   1   1   0   0   0   0   0   0   0   0   0 
  0   0   0   0   0   0   0  11  25  19  34  36  14  -7  -1  14  18  22  14   0   0   0   0   0   0   0   0   0 
  0   0   0   0   0   0   0   0   0   9  14  28  24   1  -5   7  23  42  26  13   1   0   0   0   0   0   0   0 
  0   0   0   0   0   0   0   0   0   0   0   2   4   0  -1  13  31  42  22  16   6   0   0   0   0   0   0   0 
  0   0   0   0   0   0   0   1   1   0   0   0   0   0   0   0   0  10  21   8   9   0   0   0   0   0   0   0 
  0   0   0   0   0   0   0   4   5   0   0   0   0   0   0   0   0   0   1   3  -2   0   0   0   0   0   0   0 
  0   0   0   0   0   0   0   2   6   2   0   0   0   0   0   0   0   0   0  -5  -8   0   0   0   0   0   0   0 
  0   0   0   0   0   0   0  -1 -15 -21 -21  -5   0   0   0   0   0 -10 -15 -18 -11   0   0   0   0   0   0   0 
  0   0   0   0   0   0   0   0 -19 -27 -33 -25 -16 -14  -2   0 -10 -17 -17 -21  -4   0   0   0   0   0   0   0 
  0   0   0   0   0   0   0   0  -6 -23 -24 -19 -21 -22 -16  -9 -15 -21 -19  -5   0   0   0   0   0   0   0   0 
  0   0   0   0   0   0   0   0   0  -7  -8 -12 -19 -21 -15  -7  -4 -16  -9   0   0   0   0   0   0   0   0   0 
  0   0   0   0   0   0   0   0   0   0   0   0  -3 -16  -7   0   1   0   0   0   0   0   0   0   0   0   0   0 
  0   0   0   0   0   0   0   0   0   0   0   0   0   0   0   0   0   0   0   0   0   0   0   0   0   0   0   0 
  0   0   0   0   0   0   0   0   0   0   0   0   0   0   0   0   0   0   0   0   0   0   0   0   0   0   0   0 
  0   0   0   0   0   0   0   0   0   0   0   0   0   0   0   0   0   0   0   0   0   0   0   0   0   0   0   0 
  0   0   0   0   0   0   0   0   0   0   0   0   0   0   0   0   0   0   0   0   0   0   0   0   0   0   0   0 
--------



--------
Eval for Test Image: 0.97103
Label for Test Image: 1
Test Image:
--------
  0   0   0   0   0   0   0   0   0   0   0   0   0   0   0   0   0   0   0   0   0   0   0   0   0   0   0   0 
  0   0   0   0   0   0   0   0   0   0   0   0   0   0   0   0   0   0   0   0   0   0   0   0   0   0   0   0 
  0   0   0   0   0   0   0   0   0   0   0   0   0   0   0   0   0   0   0   0   0   0   0   0   0   0   0   0 
  0   0   0   0   0   0   0   0   0   0   0   0   0   0   0   0   0   0   0   0   0   0   0   0   0   0   0   0 
  0   0   0   0   0   0   0   0   0   0   0   0   0   0   0   0   0   0   0   0   0   0   0   0   0   0   0   0 
  0   0   0   0   0   0   0   0   0   0   0   0   0   0   0   0   0   0   0   0   0   0   0   0   0   0   0   0 
  0   0   0   0   0   0   0   0   0   0   0   0   0   0   0   0   0   0 220 102   0   0   0   0   0   0   0   0 
  0   0   0   0   0   0   0   0   0   0  96  69   0   0   0   0   0  52 253 161   0   0   0   0   0   0   0   0 
  0   0   0   0   0   0   0   0   0  85 250  61   0   0   0   0   0 105 254 131   0   0   0   0   0   0   0   0 
  0   0   0   0   0   0   0   0  10 211 239  28   0   0   0   0   0 189 229  29   0   0   0   0   0   0   0   0 
  0   0   0   0   0   0   0   0 121 254 151   0   0   0   0   0  54 250 210   0   0   0   0   0   0   0   0   0 
  0   0   0   0   0   0   0   0 144 237  42   0   0   0   0   0  62 254 210   0   0   0   0   0   0   0   0   0 
  0   0   0   0   0   0   0   6 223 148   0   0   0   0   0   0 131 254 214  23   0   0   0   0   0   0   0   0 
  0   0   0   0   0   0   0  53 254 131   0   0   0   0   0   5 187 254 254 206   0   0   0   0   0   0   0   0 
  0   0   0   0   0   0   0  51 252 208  23   0   0   7  67 170 254 252 214  12   0   0   0   0   0   0   0   0 
  0   0   0   0   0   0   0   0 189 254 218 139  88 202 254 254 254 170   0   0   0   0   0   0   0   0   0   0 
  0   0   0   0   0   0   0   0  46 199 254 254 255 200 119 191 254 114   0   0   0   0   0   0   0   0   0   0 
  0   0   0   0   0   0   0   0   0  47 156 127  93   3   0 182 254  59   0   0   0   0   0   0   0   0   0   0 
  0   0   0   0   0   0   0   0   0   0   0   0   0   0  47 250 196   2   0   0   0   0   0   0   0   0   0   0 
  0   0   0   0   0   0   0   0   0   0   0   0   0   0  80 254 143   0   0   0   0   0   0   0   0   0   0   0 
  0   0   0   0   0   0   0   0   0   0   0   0   0   0  80 254 105   0   0   0   0   0   0   0   0   0   0   0 
  0   0   0   0   0   0   0   0   0   0   0   0   0   0 139 254  63   0   0   0   0   0   0   0   0   0   0   0 
  0   0   0   0   0   0   0   0   0   0   0   0   0   0  80 254  87   0   0   0   0   0   0   0   0   0   0   0 
  0   0   0   0   0   0   0   0   0   0   0   0   0   0  80 254 141   0   0   0   0   0   0   0   0   0   0   0 
  0   0   0   0   0   0   0   0   0   0   0   0   0   0  50 248 192   0   0   0   0   0   0   0   0   0   0   0 
  0   0   0   0   0   0   0   0   0   0   0   0   0   0   0 128 102   0   0   0   0   0   0   0   0   0   0   0 
  0   0   0   0   0   0   0   0   0   0   0   0   0   0   0   0   0   0   0   0   0   0   0   0   0   0   0   0 
  0   0   0   0   0   0   0   0   0   0   0   0   0   0   0   0   0   0   0   0   0   0   0   0   0   0   0   0 
--------
Eval for all zeroes: 0.528389
Integrated gradients wrt all zeroes:
--------
  0   0   0   0   0   0   0   0   0   0   0   0   0   0   0   0   0   0   0   0   0   0   0   0   0   0   0   0 
  0   0   0   0   0   0   0   0   0   0   0   0   0   0   0   0   0   0   0   0   0   0   0   0   0   0   0   0 
  0   0   0   0   0   0   0   0   0   0   0   0   0   0   0   0   0   0   0   0   0   0   0   0   0   0   0   0 
  0   0   0   0   0   0   0   0   0   0   0   0   0   0   0   0   0   0   0   0   0   0   0   0   0   0   0   0 
  0   0   0   0   0   0   0   0   0   0   0   0   0   0   0   0   0   0   0   0   0   0   0   0   0   0   0   0 
  0   0   0   0   0   0   0   0   0   0   0   0   0   0   0   0   0   0   0   0   0   0   0   0   0   0   0   0 
  0   0   0   0   0   0   0   0   0   0   0   0   0   0   0   0   0   0   4  -3   0   0   0   0   0   0   0   0 
  0   0   0   0   0   0   0   0   0   0   0   2   0   0   0   0   0  -6 -17 -11   0   0   0   0   0   0   0   0 
  0   0   0   0   0   0   0   0   0  -2  -9  -3   0   0   0   0   0 -15 -26 -14   0   0   0   0   0   0   0   0 
  0   0   0   0   0   0   0   0   0  -8  -9  -1   0   0   0   0   0 -17  -8  -1   0   0   0   0   0   0   0   0 
  0   0   0   0   0   0   0   0  -1   0  -1   0   0   0   0   0  -2   3   0   0   0   0   0   0   0   0   0   0 
  0   0   0   0   0   0   0   0  -1  14   2   0   0   0   0   0   1   8  -1   0   0   0   0   0   0   0   0   0 
  0   0   0   0   0   0   0   0  14  15   0   0   0   0   0   0   3   8   5   0   0   0   0   0   0   0   0   0 
  0   0   0   0   0   0   0   4  31  14   0   0   0   0   0   0   7  27  21   1   0   0   0   0   0   0   0   0 
  0   0   0   0   0   0   0   6  32  20   2   0   0   0  -1   6  21  30  24   0   0   0   0   0   0   0   0   0 
  0   0   0   0   0   0   0   0  22  23  10   1   0   5  15  23  21  18   0   0   0   0   0   0   0   0   0   0 
  0   0   0   0   0   0   0   0   1   5   0   3   5  13  14  23  26  16   0   0   0   0   0   0   0   0   0   0 
  0   0   0   0   0   0   0   0   0   0  -5   3   6   0   0  20  23   5   0   0   0   0   0   0   0   0   0   0 
  0   0   0   0   0   0   0   0   0   0   0   0   0   0   3  17  11   0   0   0   0   0   0   0   0   0   0   0 
  0   0   0   0   0   0   0   0   0   0   0   0   0   0   0   3   3   0   0   0   0   0   0   0   0   0   0   0 
  0   0   0   0   0   0   0   0   0   0   0   0   0   0  -1   3   0   0   0   0   0   0   0   0   0   0   0   0 
  0   0   0   0   0   0   0   0   0   0   0   0   0   0   1   1   0   0   0   0   0   0   0   0   0   0   0   0 
  0   0   0   0   0   0   0   0   0   0   0   0   0   0   1   9   3   0   0   0   0   0   0   0   0   0   0   0 
  0   0   0   0   0   0   0   0   0   0   0   0   0   0   1   5   3   0   0   0   0   0   0   0   0   0   0   0 
  0   0   0   0   0   0   0   0   0   0   0   0   0   0   0  -4  -3   0   0   0   0   0   0   0   0   0   0   0 
  0   0   0   0   0   0   0   0   0   0   0   0   0   0   0  -9  -7   0   0   0   0   0   0   0   0   0   0   0 
  0   0   0   0   0   0   0   0   0   0   0   0   0   0   0   0   0   0   0   0   0   0   0   0   0   0   0   0 
  0   0   0   0   0   0   0   0   0   0   0   0   0   0   0   0   0   0   0   0   0   0   0   0   0   0   0   0 
--------



--------
Eval for Test Image: 2.79425e-06
Label for Test Image: 0
Test Image:
--------
  0   0   0   0   0   0   0   0   0   0   0   0   0   0   0   0   0   0   0   0   0   0   0   0   0   0   0   0 
  0   0   0   0   0   0   0   0   0   0   0   0   0   0   0   0   0   0   0   0   0   0   0   0   0   0   0   0 
  0   0   0   0   0   0   0   0   0   0   0   0   0   0   0   0   0   0   0   0   0   0   0   0   0   0   0   0 
  0   0   0   0   0   0   0   0   0   0   0   0   0   0   0   0   0   0   0   0   0   0   0   0   0   0   0   0 
  0   0   0   0   0   0   0   0   0   0   0   0   0   0   0   0   0   0   0   0   0   0   0   0   0   0   0   0 
  0   0   0   0   0   0   0   0   0   0   0   0   0   0   0   0  57  86 170 170 170 170  57   0   0   0   0   0 
  0   0   0   0   0   0   0   0   0   0   0   0   0   0 114 198 255 255 255 255 255 255 255 141   0   0   0   0 
  0   0   0   0   0   0   0   0   0   0   0   0   0 198 255 255 170 141  86  57  86 114 255 255  86   0   0   0 
  0   0   0   0   0   0   0   0   0   0   0   0 170 255 226  86   0   0   0   0   0   0  57 226 255 198   0   0 
  0   0   0   0   0   0   0   0   0   0   0 114 255 226   0   0   0   0   0  29 141 198 255 255 255  86   0   0 
  0   0   0   0   0   0   0   0   0   0  29 255 226  29   0   0   0  29 114 255 255 226 170  86   0   0   0   0 
  0   0   0   0   0   0   0   0   0   0  86 255  86   0   0  57 170 255 255 170  86   0   0   0   0   0   0   0 
  0   0   0   0   0   0   0   0   0   0 141 226  29  86 170 255 255 170  57   0   0   0   0   0   0   0   0   0 
  0   0   0   0   0   0   0   0   0   0 198 226 170 255 255 198  57   0   0   0   0   0   0   0   0   0   0   0 
  0   0   0   0   0   0   0   0   0   0 170 255 255 255  86   0   0   0   0   0   0   0   0   0   0   0   0   0 
  0   0   0   0   0   0   0   0   0  29 255 255 255  29   0   0   0   0   0   0   0   0   0   0   0   0   0   0 
  0   0   0   0   0   0   0   0  29 198 255 255 255 198   0   0   0   0   0   0   0   0   0   0   0   0   0   0 
  0   0   0   0   0   0   0  29 226 255 114  29 255 255 114   0   0   0   0   0   0   0   0   0   0   0   0   0 
  0   0   0   0   0   0  57 226 255 226  29   0   0 226 255  86   0   0   0   0   0   0   0   0   0   0   0   0 
  0   0   0   0   0   0 226 255 141   0   0   0   0  86 226 226  29   0   0   0   0   0   0   0   0   0   0   0 
  0   0   0   0   0   0 226 255  29   0   0   0   0   0 170 255 170  29   0   0   0   0   0   0   0   0   0   0 
  0   0   0   0   0   0 226 255  29   0   0   0   0   0  57 255 255  29   0   0   0   0   0   0   0   0   0   0 
  0   0   0   0   0   0 114 255 198 114  86  86 141 255 255 255 255   0   0   0   0   0   0   0   0   0   0   0 
  0   0   0   0   0   0  29 170 255 255 255 255 255 255 198 141   0   0   0   0   0   0   0   0   0   0   0   0 
  0   0   0   0   0   0   0   0  29  86 114 170 114  29   0   0   0   0   0   0   0   0   0   0   0   0   0   0 
  0   0   0   0   0   0   0   0   0   0   0   0   0   0   0   0   0   0   0   0   0   0   0   0   0   0   0   0 
  0   0   0   0   0   0   0   0   0   0   0   0   0   0   0   0   0   0   0   0   0   0   0   0   0   0   0   0 
  0   0   0   0   0   0   0   0   0   0   0   0   0   0   0   0   0   0   0   0   0   0   0   0   0   0   0   0 
--------
Eval for all zeroes: 0.528389
Integrated gradients wrt all zeroes:
--------
  0   0   0   0   0   0   0   0   0   0   0   0   0   0   0   0   0   0   0   0   0   0   0   0   0   0   0   0 
  0   0   0   0   0   0   0   0   0   0   0   0   0   0   0   0   0   0   0   0   0   0   0   0   0   0   0   0 
  0   0   0   0   0   0   0   0   0   0   0   0   0   0   0   0   0   0   0   0   0   0   0   0   0   0   0   0 
  0   0   0   0   0   0   0   0   0   0   0   0   0   0   0   0   0   0   0   0   0   0   0   0   0   0   0   0 
  0   0   0   0   0   0   0   0   0   0   0   0   0   0   0   0   0   0   0   0   0   0   0   0   0   0   0   0 
  0   0   0   0   0   0   0   0   0   0   0   0   0   0   0   0   4   9  15   9  13  13   4   0   0   0   0   0 
  0   0   0   0   0   0   0   0   0   0   0   0   0   0 -14 -57 -93 -92 -64 -36  -2  17  37  14   0   0   0   0 
  0   0   0   0   0   0   0   0   0   0   0   0   0 -58 -133 -157 -98 -77 -35 -13  -8  -2  19  12  -4   0   0   0 
  0   0   0   0   0   0   0   0   0   0   0   0 -41 -77 -111 -42   0   0   0   0   0   0  -1  -9  -6   0   0   0 
  0   0   0   0   0   0   0   0   0   0   0 -11 -29 -37   0   0   0   0   0  -1   8  -3  -8 -16  -9   0   0   0 
  0   0   0   0   0   0   0   0   0   0   1   9  45   0   0   0   0   5  14   7   0  -6  -2  -5   0   0   0   0 
  0   0   0   0   0   0   0   0   0   0  19  77  32   0   0  10  45  66  36   2  -3   0   0   0   0   0   0   0 
  0   0   0   0   0   0   0   0   0   0  45 110  12   8  -7  33  40  23   6   0   0   0   0   0   0   0   0   0 
  0   0   0   0   0   0   0   0   0   0  70  90  42 -16 -33   1   5   0   0   0   0   0   0   0   0   0   0   0 
  0   0   0   0   0   0   0   0   0   0  37  52  21 -12  -8   0   0   0   0   0   0   0   0   0   0   0   0   0 
  0   0   0   0   0   0   0   0   0   6  32  14   7   0   0   0   0   0   0   0   0   0   0   0   0   0   0   0 
  0   0   0   0   0   0   0   0   5  26   3  -2  11  22   0   0   0   0   0   0   0   0   0   0   0   0   0   0 
  0   0   0   0   0   0   0   1  18  11  -1   1  20  65  39   0   0   0   0   0   0   0   0   0   0   0   0   0 
  0   0   0   0   0   0   0   0  -1  -4  -2   0   0  40  42  12   0   0   0   0   0   0   0   0   0   0   0   0 
  0   0   0   0   0   0 -15 -24 -14   0   0   0   0   3  21  25   0   0   0   0   0   0   0   0   0   0   0   0 
  0   0   0   0   0   0 -27 -43  -4   0   0   0   0   0  -2   8  -6   0   0   0   0   0   0   0   0   0   0   0 
  0   0   0   0   0   0 -28 -42  -4   0   0   0   0   0  -2 -10 -17  -1   0   0   0   0   0   0   0   0   0   0 
  0   0   0   0   0   0  -8 -22 -21 -12  -5  -4 -16 -33 -23   2   0   0   0   0   0   0   0   0   0   0   0   0 
  0   0   0   0   0   0  -1  -6 -24 -28 -22  -5 -33 -39 -14   2   0   0   0   0   0   0   0   0   0   0   0   0 
  0   0   0   0   0   0   0   0  -2  -9  -7  -8 -15  -4   0   0   0   0   0   0   0   0   0   0   0   0   0   0 
  0   0   0   0   0   0   0   0   0   0   0   0   0   0   0   0   0   0   0   0   0   0   0   0   0   0   0   0 
  0   0   0   0   0   0   0   0   0   0   0   0   0   0   0   0   0   0   0   0   0   0   0   0   0   0   0   0 
  0   0   0   0   0   0   0   0   0   0   0   0   0   0   0   0   0   0   0   0   0   0   0   0   0   0   0   0 
--------



--------
Eval for Test Image: 0.994606
Label for Test Image: 1
Test Image:
--------
  0   0   0   0   0   0   0   0   0   0   0   0   0   0   0   0   0   0   0   0   0   0   0   0   0   0   0   0 
  0   0   0   0   0   0   0   0   0   0   0   0   0   0   0   0   0   0   0   0   0   0   0   0   0   0   0   0 
  0   0   0   0   0   0   0   0   0   0   0   0   0   0   0   0   0   0   0   0   0   0   0   0   0   0   0   0 
  0   0   0   0   0   0   0   0   0   0   0   0   0   0   0   0   0   0   0   0   0   0   0   0   0   0   0   0 
  0   0   0   0   0   0   0   0   0   0   0   0   0   0   0   0   0   0   0   0   0   0   0   0   0   0   0   0 
  0   0   0   0   0   0   0   0   0   0   0   0   0   0   0   0   0   0   0   0   0   0   0   0   0   0   0   0 
  0   0   0   0   0   0   0   0 101 254 255  69   0   0   0   0   0   0   0   0  65 101  18   0   0   0   0   0 
  0   0   0   0   0   0   0 102 240 253 253  68   0   0   0   0   0   0   0  12 178 253  74   0   0   0   0   0 
  0   0   0   0   0  27 146 250 253 253 204  29   0   0   0   0   0   0   0  62 253 253 199   0   0   0   0   0 
  0   0   0   0   0 103 253 253 253 202  13   0   0   0   0   0   0   0  43 226 253 253 142   0   0   0   0   0 
  0   0   0   0  16 208 253 253 247  97   0   0   0   0   0   0   0   0 116 253 253 253  45   0   0   0   0   0 
  0   0   0   0 101 253 253 253 236  63   0   0   0   0   0   0   0   9 191 253 253 253  45   0   0   0   0   0 
  0   0   0   0  67 235 253 253 253 245  94  85  86   8   0   0   0  68 253 253 250 103   3   0   0   0   0   0 
  0   0   0   0   0 182 253 253 253 253 253 253 253 191 185 185 185 231 253 253 132   0   0   0   0   0   0   0 
  0   0   0   0   0  23 123 170 253 253 253 253 253 253 253 253 253 253 253 253  92   0   0   0   0   0   0   0 
  0   0   0   0   0   0   0   8  22  22  22  41 176 176 183 253 253 253 253 253  92   0   0   0   0   0   0   0 
  0   0   0   0   0   0   0   0   0   0   0   0   0   0  24 253 253 253 253 195  28   0   0   0   0   0   0   0 
  0   0   0   0   0   0   0   0   0   0   0   0   0   0  24 253 253 253 253  38   0   0   0   0   0   0   0   0 
  0   0   0   0   0   0   0   0   0   0   0   0   0   0  66 253 253 253 150   5   0   0   0   0   0   0   0   0 
  0   0   0   0   0   0   0   0   0   0   0   0   0   5 182 253 253 233  46   0   0   0   0   0   0   0   0   0 
  0   0   0   0   0   0   0   0   0   0   0   0   0 147 253 253 253  84   0   0   0   0   0   0   0   0   0   0 
  0   0   0   0   0   0   0   0   0   0   0   0  33 237 253 253 194  13   0   0   0   0   0   0   0   0   0   0 
  0   0   0   0   0   0   0   0   0   0   0   0 131 253 253 253 179   0   0   0   0   0   0   0   0   0   0   0 
  0   0   0   0   0   0   0   0   0   0   0  14 183 253 253 253  30   0   0   0   0   0   0   0   0   0   0   0 
  0   0   0   0   0   0   0   0   0   0   0   6 152 253 253 253  30   0   0   0   0   0   0   0   0   0   0   0 
  0   0   0   0   0   0   0   0   0   0   0   0  52 240 239  99  12   0   0   0   0   0   0   0   0   0   0   0 
  0   0   0   0   0   0   0   0   0   0   0   0   0   0   0   0   0   0   0   0   0   0   0   0   0   0   0   0 
  0   0   0   0   0   0   0   0   0   0   0   0   0   0   0   0   0   0   0   0   0   0   0   0   0   0   0   0 
--------
Eval for all zeroes: 0.528389
Integrated gradients wrt all zeroes:
--------
  0   0   0   0   0   0   0   0   0   0   0   0   0   0   0   0   0   0   0   0   0   0   0   0   0   0   0   0 
  0   0   0   0   0   0   0   0   0   0   0   0   0   0   0   0   0   0   0   0   0   0   0   0   0   0   0   0 
  0   0   0   0   0   0   0   0   0   0   0   0   0   0   0   0   0   0   0   0   0   0   0   0   0   0   0   0 
  0   0   0   0   0   0   0   0   0   0   0   0   0   0   0   0   0   0   0   0   0   0   0   0   0   0   0   0 
  0   0   0   0   0   0   0   0   0   0   0   0   0   0   0   0   0   0   0   0   0   0   0   0   0   0   0   0 
  0   0   0   0   0   0   0   0   0   0   0   0   0   0   0   0   0   0   0   0   0   0   0   0   0   0   0   0 
  0   0   0   0   0   0   0   0   0  -1   0   0   0   0   0   0   0   0   0   0   0   0   0   0   0   0   0   0 
  0   0   0   0   0   0   0   0   0   0   1   0   0   0   0   0   0   0   0   0  -4  -3   0   0   0   0   0   0 
  0   0   0   0   0   0   0   0   0   1   0   0   0   0   0   0   0   0   0  -2  -3  -6  -3   0   0   0   0   0 
  0   0   0   0   0   0  -1   0   0   1   0   0   0   0   0   0   0   0   0  -1   1  -4  -2   0   0   0   0   0 
  0   0   0   0   0   0  -1   0   1   2   0   0   0   0   0   0   0   0   3   5   0  -2   0   0   0   0   0   0 
  0   0   0   0   0   0   0   0   3   2   0   0   0   0   0   0   0   0   9   6  -2  -3   0   0   0   0   0   0 
  0   0   0   0   0   1   3   5  10   6   4   6   3   0   0   0   0   3  13   3  -1   0   0   0   0   0   0   0 
  0   0   0   0   0   2   7  11  12   9  18  19   5  -3  -2   5  10  19  18   8   3   0   0   0   0   0   0   0 
  0   0   0   0   0   0   4   9  12  10  14  15   8   2   0   9  20  26  21  14   3   0   0   0   0   0   0   0 
  0   0   0   0   0   0   0   0   1   0   0   1   6   5   7  17  23  23  15  13   2   0   0   0   0   0   0   0 
  0   0   0   0   0   0   0   0   0   0   0   0   0   0   1  18  18  18  16   8   0   0   0   0   0   0   0   0 
  0   0   0   0   0   0   0   0   0   0   0   0   0   0   1  15  10   8   7   0   0   0   0   0   0   0   0   0 
  0   0   0   0   0   0   0   0   0   0   0   0   0   0   2   8   1   0  -1   0   0   0   0   0   0   0   0   0 
  0   0   0   0   0   0   0   0   0   0   0   0   0   0   2   0  -3  -3   0   0   0   0   0   0   0   0   0   0 
  0   0   0   0   0   0   0   0   0   0   0   0   0  -2   0  -4  -3   0   0   0   0   0   0   0   0   0   0   0 
  0   0   0   0   0   0   0   0   0   0   0   0   0  -7  -4  -3   0   0   0   0   0   0   0   0   0   0   0   0 
  0   0   0   0   0   0   0   0   0   0   0   0  -3  -7  -4   1   3   0   0   0   0   0   0   0   0   0   0   0 
  0   0   0   0   0   0   0   0   0   0   0   0  -3  -8  -2   4   0   0   0   0   0   0   0   0   0   0   0   0 
  0   0   0   0   0   0   0   0   0   0   0   0  -2  -7   0   3   0   0   0   0   0   0   0   0   0   0   0   0 
  0   0   0   0   0   0   0   0   0   0   0   0  -1  -6  -6  -1   0   0   0   0   0   0   0   0   0   0   0   0 
  0   0   0   0   0   0   0   0   0   0   0   0   0   0   0   0   0   0   0   0   0   0   0   0   0   0   0   0 
  0   0   0   0   0   0   0   0   0   0   0   0   0   0   0   0   0   0   0   0   0   0   0   0   0   0   0   0 
--------



--------
Eval for Test Image: 9.00546e-06
Label for Test Image: 0
Test Image:
--------
  0   0   0   0   0   0   0   0   0   0   0   0   0   0   0   0   0   0   0   0   0   0   0   0   0   0   0   0 
  0   0   0   0   0   0   0   0   0   0   0   0   0   0   0   0   0   0   0   0   0   0   0   0   0   0   0   0 
  0   0   0   0   0   0   0   0   0   0   0   0   0   0   0   0   0   0   0   0   0   0   0   0   0   0   0   0 
  0   0   0   0   0   0   0   0   0   0   0   0   0   0   0   0   0   0   0   0   0   0   0   0   0   0   0   0 
  0   0   0   0   0   0   0   0   0   0   0   0   0   0   0   0   0   0   0   0   0   0   0   0   0   0   0   0 
  0   0   0   0   0   0   0   0   0   0   0   0   0   0   0   0   0   0   0   0   0   0   0   0   0   0   0   0 
  0   0   0   0   0   0   0   0   0   0   0  40  40  40  40  25   0   0   0   0   0   0   0   0   0   0   0   0 
  0   0   0   0  46  59 131 137 197 215 215 254 253 253 253 239 110   0   0   0   0   0   0   0   0   0   0   0 
  0   0   0 211 249 253 253 224 175 157  97  98  97  97 122 254 238  24   0   0   0   0   0   0   0   0   0   0 
  0   0   0  85 144  61   0   0   0   0   0   0   0   0  85 255 154   0   0   0   0   0   0   0   0   0   0   0 
  0   0   0   0   0   0   0   0   0   0   0   0   0  82 231 239  49   0   0   0   0   0   0   0   0   0   0   0 
  0   0   0   0   0   0   0   0   0   0   0   5 131 235 235  72   0   0   0   0   0   0   0   0   0   0   0   0 
  0   0   0   0   0   0   0   0   0   0   0 140 253 235  49   0   0   0   0   0   0   0   0   0   0   0   0   0 
  0   0   0   0   0   0   0   0   0  29 170 255 233  65  20  19   0   0   0   0   0   0   0   0   0   0   0   0 
  0   0   0   0   0   0   0   0  79 226 253 254 226 244 253 249 195 129  45   0   0   0   0   0   0   0   0   0 
  0   0   0   0   0   0   0   0 177 253 217 141 117 117 140 195 221 253 253 185 116   0   0   0   0   0   0   0 
  0   0   0   0   0   0   0   0   9  19   8   0   0   0   0   0   9  19  92 230 250 216  12   0   0   0   0   0 
  0   0   0   0   0   0   0   0   0   0   0   0   0   0   0   0   0   0   0   0 112 254 157   0   0   0   0   0 
  0   0   0   0   0   0   0   0   0   0   0   0   0   0   0   0   0   0   0   0   9 223 253   0   0   0   0   0 
  0   0   0   0   0   0   0   0   0   0   0   0   0   0   0   0   0   0   0   0  10 223 253   0   0   0   0   0 
  0   0   0   0   0   0   0   0   0   0   0   0   0   0   0   0   0   0   0   7 177 253 156   0   0   0   0   0 
  0   0   0   0   0   0   0   0   0   0   0   0   0  77  98  74  86  20  92 230 254 219  12   0   0   0   0   0 
  0   0   0   0   0   0   0   0   0   0   0   0   0  32 154 214 244 253 253 239 118   9   0   0   0   0   0   0 
  0   0   0   0   0   0   0   0   0   0   0   0   0   0   0   0  30  39  39  24   0   0   0   0   0   0   0   0 
  0   0   0   0   0   0   0   0   0   0   0   0   0   0   0   0   0   0   0   0   0   0   0   0   0   0   0   0 
  0   0   0   0   0   0   0   0   0   0   0   0   0   0   0   0   0   0   0   0   0   0   0   0   0   0   0   0 
  0   0   0   0   0   0   0   0   0   0   0   0   0   0   0   0   0   0   0   0   0   0   0   0   0   0   0   0 
  0   0   0   0   0   0   0   0   0   0   0   0   0   0   0   0   0   0   0   0   0   0   0   0   0   0   0   0 
--------
Eval for all zeroes: 0.528389
Integrated gradients wrt all zeroes:
--------
  0   0   0   0   0   0   0   0   0   0   0   0   0   0   0   0   0   0   0   0   0   0   0   0   0   0   0   0 
  0   0   0   0   0   0   0   0   0   0   0   0   0   0   0   0   0   0   0   0   0   0   0   0   0   0   0   0 
  0   0   0   0   0   0   0   0   0   0   0   0   0   0   0   0   0   0   0   0   0   0   0   0   0   0   0   0 
  0   0   0   0   0   0   0   0   0   0   0   0   0   0   0   0   0   0   0   0   0   0   0   0   0   0   0   0 
  0   0   0   0   0   0   0   0   0   0   0   0   0   0   0   0   0   0   0   0   0   0   0   0   0   0   0   0 
  0   0   0   0   0   0   0   0   0   0   0   0   0   0   0   0   0   0   0   0   0   0   0   0   0   0   0   0 
  0   0   0   0   0   0   0   0   0   0   0  -7  -6  -5  -5  -4   0   0   0   0   0   0   0   0   0   0   0   0 
  0   0   0   0   0   0  -4  -8 -16 -36 -50 -76 -111 -104 -102 -87 -14   0   0   0   0   0   0   0   0   0   0   0 
  0   0   0  -3  -7 -11 -22 -18 -25 -34 -29 -41 -41 -35 -47 -88 -29   0   0   0   0   0   0   0   0   0   0   0 
  0   0   0  -1  -6  -3   0   0   0   0   0   0   0   0 -27 -46 -11   0   0   0   0   0   0   0   0   0   0   0 
  0   0   0   0   0   0   0   0   0   0   0   0   0  -5 -49  -2   4   0   0   0   0   0   0   0   0   0   0   0 
  0   0   0   0   0   0   0   0   0   0   0   1  35 -16 -39   3   0   0   0   0   0   0   0   0   0   0   0   0 
  0   0   0   0   0   0   0   0   0   0   0  55  69  -7  -5   0   0   0   0   0   0   0   0   0   0   0   0   0 
  0   0   0   0   0   0   0   0   0   5  54  82  42  -4   0   2   0   0   0   0   0   0   0   0   0   0   0   0 
  0   0   0   0   0   0   0   0   8  32  48  51  33   2   9  39  42  37   9   0   0   0   0   0   0   0   0   0 
  0   0   0   0   0   0   0   0  23  42  30  22   9   2   3  38  42  50  30  36  13   0   0   0   0   0   0   0 
  0   0   0   0   0   0   0   0   1   4   1   0   0   0   0   0   2   4  15  16  16  -3  -1   0   0   0   0   0 
  0   0   0   0   0   0   0   0   0   0   0   0   0   0   0   0   0   0   0   0  -7 -30 -25   0   0   0   0   0 
  0   0   0   0   0   0   0   0   0   0   0   0   0   0   0   0   0   0   0   0   0 -32 -43   0   0   0   0   0 
  0   0   0   0   0   0   0   0   0   0   0   0   0   0   0   0   0   0   0   0   0 -20 -32   0   0   0   0   0 
  0   0   0   0   0   0   0   0   0   0   0   0   0   0   0   0   0   0   0  -1 -15 -19 -13   0   0   0   0   0 
  0   0   0   0   0   0   0   0   0   0   0   0   0  -3   6   3   0   0  -2 -23 -17 -11   0   0   0   0   0   0 
  0   0   0   0   0   0   0   0   0   0   0   0   0   0   8   9  15   3  -2   0  -3   0   0   0   0   0   0   0 
  0   0   0   0   0   0   0   0   0   0   0   0   0   0   0   0   2   2   0   0   0   0   0   0   0   0   0   0 
  0   0   0   0   0   0   0   0   0   0   0   0   0   0   0   0   0   0   0   0   0   0   0   0   0   0   0   0 
  0   0   0   0   0   0   0   0   0   0   0   0   0   0   0   0   0   0   0   0   0   0   0   0   0   0   0   0 
  0   0   0   0   0   0   0   0   0   0   0   0   0   0   0   0   0   0   0   0   0   0   0   0   0   0   0   0 
  0   0   0   0   0   0   0   0   0   0   0   0   0   0   0   0   0   0   0   0   0   0   0   0   0   0   0   0 
--------



--------
Eval for Test Image: 0.994173
Label for Test Image: 1
Test Image:
--------
  0   0   0   0   0   0   0   0   0   0   0   0   0   0   0   0   0   0   0   0   0   0   0   0   0   0   0   0 
  0   0   0   0   0   0   0   0   0   0   0   0   0   0   0   0   0   0   0   0   0   0   0   0   0   0   0   0 
  0   0   0   0   0   0   0   0   0   0   0   0   0   0   0   0   0   0   0   0   0   0   0   0   0   0   0   0 
  0   0   0   0   0   0   0   0   0   0   0   0   0   0   0   0   0   0   0   0   0   0   0   0   0   0   0   0 
  0   0   0   0   0   0   0   0   0   0   0   0   0   0   0   0   0   0   0   0   0   0   0   0   0   0   0   0 
  0   0   0   0   0   0   0   0   0   0   0   0   0   0   0   0   0   0   0   0 145 187   0   0   0   0   0   0 
  0   0   0   0   0   0   0   0   0   0   0   0   0   0   0   0   0   0   0   0 229 187   0   0   0   0   0   0 
  0   0   0   0   0   0   0   0   0   0  56 233 142   0   0   0   0   0   0 133 254 187   0   0   0   0   0   0 
  0   0   0   0   0   0   0   0   0   0 177 254 238  31   0   0   0   0   0 182 254 187   0   0   0   0   0   0 
  0   0   0   0   0   0   0   0   0  35 248 254 197   4   0   0   0   0  40 249 252  83   0   0   0   0   0   0 
  0   0   0   0   0   0   0   0   0  88 255 254 120   0   0   0   0   0 208 254 234   0   0   0   0   0   0   0 
  0   0   0   0   0   0   0   0   0 179 254 247  47   0   0   0   0  42 247 254 142   0   0   0   0   0   0   0 
  0   0   0   0   0   0   0   0   0 192 254 239   0   0   0   0  11 172 254 254 104   0   0   0   0   0   0   0 
  0   0   0   0   0   0   0   0 116 251 254 239   6   6  70 110 219 254 254 221  15   0   0   0   0   0   0   0 
  0   0   0   0   0   0   0   0 188 254 254 254 254 254 254 254 254 254 254 113   0   0   0   0   0   0   0   0 
  0   0   0   0   0   0   0   0 188 254 254 254 254 254 254 254 254 254 229  15   0   0   0   0   0   0   0   0 
  0   0   0   0   0   0   0   0 115 213 213 213 213 168 130 246 254 254  61   0   0   0   0   0   0   0   0   0 
  0   0   0   0   0   0   0   0   0   0   0   0   0   0  19 221 254 224  10   0   0   0   0   0   0   0   0   0 
  0   0   0   0   0   0   0   0   0   0   0   0   0   0 108 254 254 111   0   0   0   0   0   0   0   0   0   0 
  0   0   0   0   0   0   0   0   0   0   0   0   0   0 156 254 225  18   0   0   0   0   0   0   0   0   0   0 
  0   0   0   0   0   0   0   0   0   0   0   0   0  14 245 254 204   0   0   0   0   0   0   0   0   0   0   0 
  0   0   0   0   0   0   0   0   0   0   0   0   0 180 254 254  81   0   0   0   0   0   0   0   0   0   0   0 
  0   0   0   0   0   0   0   0   0   0   0   0   3 215 254 210   3   0   0   0   0   0   0   0   0   0   0   0 
  0   0   0   0   0   0   0   0   0   0   0   0  63 254 254 155   0   0   0   0   0   0   0   0   0   0   0   0 
  0   0   0   0   0   0   0   0   0   0   0   0  63 254 190  50   0   0   0   0   0   0   0   0   0   0   0   0 
  0   0   0   0   0   0   0   0   0   0   0   0   0   0   0   0   0   0   0   0   0   0   0   0   0   0   0   0 
  0   0   0   0   0   0   0   0   0   0   0   0   0   0   0   0   0   0   0   0   0   0   0   0   0   0   0   0 
  0   0   0   0   0   0   0   0   0   0   0   0   0   0   0   0   0   0   0   0   0   0   0   0   0   0   0   0 
--------
Eval for all zeroes: 0.528389
Integrated gradients wrt all zeroes:
--------
  0   0   0   0   0   0   0   0   0   0   0   0   0   0   0   0   0   0   0   0   0   0   0   0   0   0   0   0 
  0   0   0   0   0   0   0   0   0   0   0   0   0   0   0   0   0   0   0   0   0   0   0   0   0   0   0   0 
  0   0   0   0   0   0   0   0   0   0   0   0   0   0   0   0   0   0   0   0   0   0   0   0   0   0   0   0 
  0   0   0   0   0   0   0   0   0   0   0   0   0   0   0   0   0   0   0   0   0   0   0   0   0   0   0   0 
  0   0   0   0   0   0   0   0   0   0   0   0   0   0   0   0   0   0   0   0   0   0   0   0   0   0   0   0 
  0   0   0   0   0   0   0   0   0   0   0   0   0   0   0   0   0   0   0   0   3   6   0   0   0   0   0   0 
  0   0   0   0   0   0   0   0   0   0   0   0   0   0   0   0   0   0   0   0   0   7   0   0   0   0   0   0 
  0   0   0   0   0   0   0   0   0   0   0   6   3   0   0   0   0   0   0  -6  -1   5   0   0   0   0   0   0 
  0   0   0   0   0   0   0   0   0   0  -4 -10 -12  -3   0   0   0   0   0 -13  -7  -1   0   0   0   0   0   0 
  0   0   0   0   0   0   0   0   0   0  -6 -12 -17   0   0   0   0   0  -1  -8  -2  -1   0   0   0   0   0   0 
  0   0   0   0   0   0   0   0   0   0  -1  -7  -2   0   0   0   0   0   0  -6  -4   0   0   0   0   0   0   0 
  0   0   0   0   0   0   0   0   0   8  12  11   2   0   0   0   0   1   0  -8  -4   0   0   0   0   0   0   0 
  0   0   0   0   0   0   0   0   0  14  23  25   0   0   0   0   0   4   5  -5  -1   0   0   0   0   0   0   0 
  0   0   0   0   0   0   0   0  10  20  27  26   0   0  -2   0   6  19  16   1   0   0   0   0   0   0   0   0 
  0   0   0   0   0   0   0   0  17  18  16  12   5  -1  -3   7  16  22  21   6   0   0   0   0   0   0   0   0 
  0   0   0   0   0   0   0   0  16  17   8   2   0   4  11  17  16  20  16   0   0   0   0   0   0   0   0   0 
  0   0   0   0   0   0   0   0   3   4   0   2   3   8  11  22  19  26   4   0   0   0   0   0   0   0   0   0 
  0   0   0   0   0   0   0   0   0   0   0   0   0   0   2  18  17  14   0   0   0   0   0   0   0   0   0   0 
  0   0   0   0   0   0   0   0   0   0   0   0   0   0   6  13  10   1   0   0   0   0   0   0   0   0   0   0 
  0   0   0   0   0   0   0   0   0   0   0   0   0   0   0   2   4   0   0   0   0   0   0   0   0   0   0   0 
  0   0   0   0   0   0   0   0   0   0   0   0   0   0  -2   2   0   0   0   0   0   0   0   0   0   0   0   0 
  0   0   0   0   0   0   0   0   0   0   0   0   0  -9   2   1   0   0   0   0   0   0   0   0   0   0   0   0 
  0   0   0   0   0   0   0   0   0   0   0   0   0  -3   3   5   0   0   0   0   0   0   0   0   0   0   0   0 
  0   0   0   0   0   0   0   0   0   0   0   0  -1  -3   4   2   0   0   0   0   0   0   0   0   0   0   0   0 
  0   0   0   0   0   0   0   0   0   0   0   0  -2  -6   0   0   0   0   0   0   0   0   0   0   0   0   0   0 
  0   0   0   0   0   0   0   0   0   0   0   0   0   0   0   0   0   0   0   0   0   0   0   0   0   0   0   0 
  0   0   0   0   0   0   0   0   0   0   0   0   0   0   0   0   0   0   0   0   0   0   0   0   0   0   0   0 
  0   0   0   0   0   0   0   0   0   0   0   0   0   0   0   0   0   0   0   0   0   0   0   0   0   0   0   0 
--------



--------
Eval for Test Image: 3.49697e-07
Label for Test Image: 0
Test Image:
--------
  0   0   0   0   0   0   0   0   0   0   0   0   0   0   0   0   0   0   0   0   0   0   0   0   0   0   0   0 
  0   0   0   0   0   0   0   0   0   0   0   0   0   0   0   0   0   0   0   0   0   0   0   0   0   0   0   0 
  0   0   0   0   0   0   0   0   0   0   0   0   0   0   0   0   0   0   0   0   0   0   0   0   0   0   0   0 
  0   0   0   0   0   0   0   0   0   0   0   0   0   0   0   0   0   0   0   0   0   0   0   0   0   0   0   0 
  0   0   0   0   0   0   0   0   0   0   0   0   0   0   0   0   0   0   0   0   0   0   0   0   0   0   0   0 
  0   0   0   0   0   0   0   0   0   0   0   0   0   0   0   0   0   0   0   0   0   0   0   0   0   0   0   0 
  0   0   0   0   0   0   0   0   0   0   0   0  15  85 191 254 255 184  15   0   0   0   0   0   0   0   0   0 
  0   0   0   0   0   0   0   0   0   0   0  71 233 254 254 227 210 254 147   3   0   0   0   0   0   0   0   0 
  0   0   0   0   0   0   0   0   0   0  49 248 254 175  70  13   2 179 254  15   0   0   0   0   0   0   0   0 
  0   0   0   0   0   0   0   0   0  88 250 250  98   3   0   0   0  65 254  15   0   0   0   0   0   0   0   0 
  0   0   0   0   0   0   0   0  10 223 240  86   0   0   0   0   0  39 254  15   0   0   0   0   0   0   0   0 
  0   0   0   0   0   0   0   0 146 249  55   0   0   0   0   0   0 124 254  15   0   0   0   0   0   0   0   0 
  0   0   0   0   0   0   0  65 252  76   0   0   0   0   0   0  13 232 254  15   0   0   0   0   0   0   0   0 
  0   0   0   0   0   0   7 219 176   4   0   0   0   0   0   0 158 254 227   9   0   0   0   0   0   0   0   0 
  0   0   0   0   0   0  79 254  52   0   0   0   0   0   0  36 250 254 152   0   0   0   0   0   0   0   0   0 
  0   0   0   0   0   0  93 195   4   0   0   0   0   0  76 205 254 254  69   0   0   0   0   0   0   0   0   0 
  0   0   0   0   0   0  94 208  35   2   3  24  94 178 238 241 247 254  38   0   0   0   0   0   0   0   0   0 
  0   0   0   0   0   0  56 254 254 203 207 254 254 250 170  32 169 254  38   0   0   0   0   0   0   0   0   0 
  0   0   0   0   0   0   2 101 184 184 184 184 115  28   0   0 169 243  28   0   0   0   0   0   0   0   0   0 
  0   0   0   0   0   0   0   0   0   0   0   0   0   0   0   0 221 215   0   0   0   0   0   0   0   0   0   0 
  0   0   0   0   0   0   0   0   0   0   0   0   0   0   0   0 247 215   0   0   0   0   0   0   0   0   0   0 
  0   0   0   0   0   0   0   0   0   0   0   0   0   0   0   0 247 149   0   0   0   0   0   0   0   0   0   0 
  0   0   0   0   0   0   0   0   0   0   0   0   0   0   0   3 247 113   0   0   0   0   0   0   0   0   0   0 
  0   0   0   0   0   0   0   0   0   0   0   0   0   0   0  70 254  62   0   0   0   0   0   0   0   0   0   0 
  0   0   0   0   0   0   0   0   0   0   0   0   0   0   0  70 254  62   0   0   0   0   0   0   0   0   0   0 
  0   0   0   0   0   0   0   0   0   0   0   0   0   0   0  70 254  62   0   0   0   0   0   0   0   0   0   0 
  0   0   0   0   0   0   0   0   0   0   0   0   0   0   0   0   0   0   0   0   0   0   0   0   0   0   0   0 
  0   0   0   0   0   0   0   0   0   0   0   0   0   0   0   0   0   0   0   0   0   0   0   0   0   0   0   0 
--------
Eval for all zeroes: 0.528389
Integrated gradients wrt all zeroes:
--------
  0   0   0   0   0   0   0   0   0   0   0   0   0   0   0   0   0   0   0   0   0   0   0   0   0   0   0   0 
  0   0   0   0   0   0   0   0   0   0   0   0   0   0   0   0   0   0   0   0   0   0   0   0   0   0   0   0 
  0   0   0   0   0   0   0   0   0   0   0   0   0   0   0   0   0   0   0   0   0   0   0   0   0   0   0   0 
  0   0   0   0   0   0   0   0   0   0   0   0   0   0   0   0   0   0   0   0   0   0   0   0   0   0   0   0 
  0   0   0   0   0   0   0   0   0   0   0   0   0   0   0   0   0   0   0   0   0   0   0   0   0   0   0   0 
  0   0   0   0   0   0   0   0   0   0   0   0   0   0   0   0   0   0   0   0   0   0   0   0   0   0   0   0 
  0   0   0   0   0   0   0   0   0   0   0   0  -1 -13 -52 -100 -93 -49  -2   0   0   0   0   0   0   0   0   0 
  0   0   0   0   0   0   0   0   0   0   0  -8 -65 -91 -124 -119 -90 -87 -28   0   0   0   0   0   0   0   0   0 
  0   0   0   0   0   0   0   0   0   0  -2 -44 -60 -40 -23  -4   0 -39 -42   0   0   0   0   0   0   0   0   0 
  0   0   0   0   0   0   0   0   0  -2  -8 -15  -2   0   0   0   0  -5 -15   0   0   0   0   0   0   0   0   0 
  0   0   0   0   0   0   0   0   0  16  13   5   0   0   0   0   0   3   8   0   0   0   0   0   0   0   0   0 
  0   0   0   0   0   0   0   0   4  35   9   0   0   0   0   0   0  15   3   0   0   0   0   0   0   0   0   0 
  0   0   0   0   0   0   0   4  42  11   0   0   0   0   0   0   1  12   0  -1   0   0   0   0   0   0   0   0 
  0   0   0   0   0   0   0  27  33   0   0   0   0   0   0   0  11  26  10   0   0   0   0   0   0   0   0   0 
  0   0   0   0   0   0   7  41  10   0   0   0   0   0   0   0  21  37  10   0   0   0   0   0   0   0   0   0 
  0   0   0   0   0   0   9  27   0   0   0   0   0   0   3  20  25  31   5   0   0   0   0   0   0   0   0   0 
  0   0   0   0   0   0   8  24   4   0   0   0   5  10  27  40  33  39   6   0   0   0   0   0   0   0   0   0 
  0   0   0   0   0   0   2  20  20   7  -8 -13  -5  19  28   4  19  39   6   0   0   0   0   0   0   0   0   0 
  0   0   0   0   0   0   0   1   1  -1 -15 -16   0   2   0   0  18  18   2   0   0   0   0   0   0   0   0   0 
  0   0   0   0   0   0   0   0   0   0   0   0   0   0   0   0  11   3   0   0   0   0   0   0   0   0   0   0 
  0   0   0   0   0   0   0   0   0   0   0   0   0   0   0   0  -2  -6   0   0   0   0   0   0   0   0   0   0 
  0   0   0   0   0   0   0   0   0   0   0   0   0   0   0   0 -17 -10   0   0   0   0   0   0   0   0   0   0 
  0   0   0   0   0   0   0   0   0   0   0   0   0   0   0   0 -12  -7   0   0   0   0   0   0   0   0   0   0 
  0   0   0   0   0   0   0   0   0   0   0   0   0   0   0  -1  -4  -1   0   0   0   0   0   0   0   0   0   0 
  0   0   0   0   0   0   0   0   0   0   0   0   0   0   0  -5 -16  -6   0   0   0   0   0   0   0   0   0   0 
  0   0   0   0   0   0   0   0   0   0   0   0   0   0   0  -8 -27  -9   0   0   0   0   0   0   0   0   0   0 
  0   0   0   0   0   0   0   0   0   0   0   0   0   0   0   0   0   0   0   0   0   0   0   0   0   0   0   0 
  0   0   0   0   0   0   0   0   0   0   0   0   0   0   0   0   0   0   0   0   0   0   0   0   0   0   0   0 
--------



