--------
Eval for Test Image: 2.52291e-11
Label for Test Image: 1
Test Image:
--------
  0   0   0   0   0   0   0   0   0   0   0   0   0   0   0   0   0   0   0   0   0   0   0   0   0   0   0   0 
  0   0   0   0   0   0   0   0   0   0   0   0   0   0   0   0   0   0   0   0   0   0   0   0   0   0   0   0 
  0   0   0   0   0   0   0   0   0   0   0   0   0   0   0   0   0   0   0   0   0   0   0   0   0   0   0   0 
  0   0   0   0   0   0   0   0   0   0   0   0   0   0   0   0   0   0   0   0   0   0   0   0   0   0   0   0 
  0   0   0   0   0   0   0   0   0   0   0   0   0   0   0   0   0   0   0   0   0   0   0   0   0   0   0   0 
  0   0   0   0   0   0   0   0   0   0   0   0   0   0   0   0   0   0   0   0   0   0   0   0   0   0   0   0 
  0   0   0   0   0   0   0   0   0   0   0   0   0   0   0   0   0   0   0   0   0   0   0   0   0   0   0   0 
  0   0   0   0   0   0   0   0   0  56 246 254 255 254 254 254 254 245 101 101  98   0   0   0   0   0   0   0 
  0   0   0   0   0   0   0  46 164 229 253 253 253 253 253 253 253 253 253 253 251 134   9   0   0   0   0   0 
  0   0   0   0   0   0   0 247 253 253 253 235 107 107 107 107 107 107 107 231 253 253  45   0   0   0   0   0 
  0   0   0   0   0 102 247 253 239 160  15   6   0   0   0   0   0   0   0 123 253 253  45   0   0   0   0   0 
  0   0   0   0   0 200 253 239  88   0   0   0   0   0   0   0   0   0  18 222 253 236  38   0   0   0   0   0 
  0   0   0   0   0  91 115  73   0   0   0   0   0   0   0   0   0   0 116 253 253 145   0   0   0   0   0   0 
  0   0   0   0   0   0   0   0   0   0   0   0   0   0   0   0   0  67 245 253 194   8   0   0   0   0   0   0 
  0   0   0   0   0   0   0   0   0   0   0   0   0   0   0   0 163 231 253 245  81   0   0   0   0   0   0   0 
  0   0   0   0   0   0   0   0   0   0   0   0   0   0  93 131 239 253 253 112   0   0   0   0   0   0   0   0 
  0   0   0   0   0   0   0   0   0   0   0   0   0   0 177 253 253 253 147   4   0   0   0   0   0   0   0   0 
  0   0   0   0   0   0   0   0   0   0   0   0   0   0 161 230 250 253 137   0   0   0   0   0   0   0   0   0 
  0   0   0   0   0   0   0   0   0   0   0   0   0   0   0   0 224 253 137   0   0   0   0   0   0   0   0   0 
  0   0   0   0   0   0   0   0   0   0   0   0   0   0   0 110 250 239  16   0   0   0   0   0   0   0   0   0 
  0   0   0   0   0   0   0   0   0   0   0   0   0  52 169 210 253 228   0   0   0   0   0   0   0   0   0   0 
  0   0   0   0   0   0   0   0   0   0   0   0  61 157 253 253 221  46   0   0   0   0   0   0   0   0   0   0 
  0   0   0   0   0   0   0   0   0   0   0  65 235 253 247 191  45   0   0   0   0   0   0   0   0   0   0   0 
  0   0   0   0   0   0   0   0   0   5  60 228 253 253 131   0   0   0   0   0   0   0   0   0   0   0   0   0 
  0   0   0   0   0   0   0   0  83 187 253 253 253 220  44   0   0   0   0   0   0   0   0   0   0   0   0   0 
  0   0   0   0   0   0   0  77 242 253 253 246 120  32   0   0   0   0   0   0   0   0   0   0   0   0   0   0 
  0   0   0   0   0   0   0  37 123 253 201  87   0   0   0   0   0   0   0   0   0   0   0   0   0   0   0   0 
  0   0   0   0   0   0   0   0   0   0   0   0   0   0   0   0   0   0   0   0   0   0   0   0   0   0   0   0 
--------
Eval for all zeroes: 0.533716
Integrated gradients wrt all zeroes:
--------
  0   0   0   0   0   0   0   0   0   0   0   0   0   0   0   0   0   0   0   0   0   0   0   0   0   0   0   0 
  0   0   0   0   0   0   0   0   0   0   0   0   0   0   0   0   0   0   0   0   0   0   0   0   0   0   0   0 
  0   0   0   0   0   0   0   0   0   0   0   0   0   0   0   0   0   0   0   0   0   0   0   0   0   0   0   0 
  0   0   0   0   0   0   0   0   0   0   0   0   0   0   0   0   0   0   0   0   0   0   0   0   0   0   0   0 
  0   0   0   0   0   0   0   0   0   0   0   0   0   0   0   0   0   0   0   0   0   0   0   0   0   0   0   0 
  0   0   0   0   0   0   0   0   0   0   0   0   0   0   0   0   0   0   0   0   0   0   0   0   0   0   0   0 
  0   0   0   0   0   0   0   0   0   0   0   0   0   0   0   0   0   0   0   0   0   0   0   0   0   0   0   0 
  0   0   0   0   0   0   0   0   0  -6 -23 -16   3  19  21  11   7  28   9   9  10   0   0   0   0   0   0   0 
  0   0   0   0   0   0   0  -3 -16 -32 -13   4  35  48  37  21  13  11   8  16  28  12   0   0   0   0   0   0 
  0   0   0   0   0   0   0   0 -29 -30 -17   5  13  16  14   4   8  -6  -8   3  22  13   0   0   0   0   0   0 
  0   0   0   0   0  -9 -28 -35 -65 -49  -3   0   0   0   0   0   0   0   0   0   0  -2   0   0   0   0   0   0 
  0   0   0   0   0 -28 -44 -64 -32   0   0   0   0   0   0   0   0   0   0   3 -26 -23  -1   0   0   0   0   0 
  0   0   0   0   0 -11 -19 -15   0   0   0   0   0   0   0   0   0   0   4 -11 -35 -20   0   0   0   0   0   0 
  0   0   0   0   0   0   0   0   0   0   0   0   0   0   0   0   0  -1 -11 -18 -11   0   0   0   0   0   0   0 
  0   0   0   0   0   0   0   0   0   0   0   0   0   0   0   0   7 -27 -40 -27  -1   0   0   0   0   0   0   0 
  0   0   0   0   0   0   0   0   0   0   0   0   0   0  18  18 -17 -54 -52 -10   0   0   0   0   0   0   0   0 
  0   0   0   0   0   0   0   0   0   0   0   0   0   0   9 -18 -43 -39 -19   0   0   0   0   0   0   0   0   0 
  0   0   0   0   0   0   0   0   0   0   0   0   0   0 -13 -35 -33 -21  -2   0   0   0   0   0   0   0   0   0 
  0   0   0   0   0   0   0   0   0   0   0   0   0   0   0   0  -3  -2   3   0   0   0   0   0   0   0   0   0 
  0   0   0   0   0   0   0   0   0   0   0   0   0   0   0 -11  -3  17   1   0   0   0   0   0   0   0   0   0 
  0   0   0   0   0   0   0   0   0   0   0   0   0   0  -7  -9   2  21   0   0   0   0   0   0   0   0   0   0 
  0   0   0   0   0   0   0   0   0   0   0   0   3   4  -9  -8   3   3   0   0   0   0   0   0   0   0   0   0 
  0   0   0   0   0   0   0   0   0   0   0   4   0   6  -4  -7  -1   0   0   0   0   0   0   0   0   0   0   0 
  0   0   0   0   0   0   0   0   0   0   5  25  13  16  -1   0   0   0   0   0   0   0   0   0   0   0   0   0 
  0   0   0   0   0   0   0   0   6  10  13  19  25  20   1   0   0   0   0   0   0   0   0   0   0   0   0   0 
  0   0   0   0   0   0   0   2  10   6  16  23  10   1   0   0   0   0   0   0   0   0   0   0   0   0   0   0 
  0   0   0   0   0   0   0   0   1   3   1   0   0   0   0   0   0   0   0   0   0   0   0   0   0   0   0   0 
  0   0   0   0   0   0   0   0   0   0   0   0   0   0   0   0   0   0   0   0   0   0   0   0   0   0   0   0 
--------



--------
Eval for Test Image: 6.39218e-17
Label for Test Image: 0
Test Image:
--------
  0   0   0   0   0   0   0   0   0   0   0   0   0   0   0   0   0   0   0   0   0   0   0   0   0   0   0   0 
  0   0   0   0   0   0   0   0   0   0   0   0   0   0   0   0   0   0   0   0   0   0   0   0   0   0   0   0 
  0   0   0   0   0   0   0   0   0   0   0   0   0   0   0   0   0   0   0   0   0   0   0   0   0   0   0   0 
  0   0   0   0   0   0   0   0   0   0   0   0   0   0   0   0   0   0   0   0   0   0   0   0   0   0   0   0 
  0   0   0   0   0   0   0   0   0   0   0   0   0   0   0   0   0   0   0   0   0   0   0   0   0   0   0   0 
  0   0   0   0   0   0   0   0   0  23  82 156 156 156 194 172  59  18   0   0   0   0   0   0   0   0   0   0 
  0   0   0   0   0   0   0   0  19 208 250 243 247 237 254 255 254 227 100   0   0   0   0   0   0   0   0   0 
  0   0   0   0   0   0   0   0  70 254 128  36  54  12  78  78 123 145  36   0   0   0   0   0   0   0   0   0 
  0   0   0   0   0   0   0   0 137 254  99   0   0   0   0   0   0   0   0   0   0   0   0   0   0   0   0   0 
  0   0   0   0   0   0   0   0 213 254  23   0   0   0   0   0   0   0   0   0   0   0   0   0   0   0   0   0 
  0   0   0   0   0   0   0   0 236 254   0   0   0   0   0  37 105 156 156  59   0   0   0   0   0   0   0   0 
  0   0   0   0   0   0   0   0 235 254   0   0   0  34 193 240 244 234 237 239  54   0   0   0   0   0   0   0 
  0   0   0   0   0   0   0   0 167 254  69  37 109 248 223 153  42   0  12 183 196   0   0   0   0   0   0   0 
  0   0   0   0   0   0   0   0  41 245 243 244 241 184  12   0   0   0   0  83 250  89   0   0   0   0   0   0 
  0   0   0   0   0   0   0   0   0 121 179 170  70   0   0   0   0   0   0   0 254 212   0   0   0   0   0   0 
  0   0   0   0   0   0   0   0   0   0   0   0   0   0   0   0   0   0   0   0 233 235   0   0   0   0   0   0 
  0   0   0   0   0   0   0   0   0   0   0   0   0   0   0   0   0   0   0   0 112 234   0   0   0   0   0   0 
  0   0   0   0   0   0   0   0   0   0   0   0   0   0   0   0   0   0   0   0  59 234   0   0   0   0   0   0 
  0   0   0   0   0   0   0   0   0   0   0   0   0   0   0   0   0   0   0   0  59 234   0   0   0   0   0   0 
  0   0   0   0   0   0   0   0   0   0   0   0   0   0   0   0   0   0   0   0  59 234   0   0   0   0   0   0 
  0   0   0   0   0   0   0   0 198 179  61   0   0   0   0   0   0   0   0   0 120 235   0   0   0   0   0   0 
  0   0   0   0   0   0   0   0 104 249 148  11   0   0   0   0   0   0   0   8 240 188   0   0   0   0   0   0 
  0   0   0   0   0   0   0   0   0 135 254 172  55   0   0   0   0   0   0 128 254  69   0   0   0   0   0   0 
  0   0   0   0   0   0   0   0   0   0 103 232 248 220 137 137  92 108 190 249 170   3   0   0   0   0   0   0 
  0   0   0   0   0   0   0   0   0   0   0  27  89 171 254 254 254 254 163  81   0   0   0   0   0   0   0   0 
  0   0   0   0   0   0   0   0   0   0   0   0   0   0   0   0   0   0   0   0   0   0   0   0   0   0   0   0 
  0   0   0   0   0   0   0   0   0   0   0   0   0   0   0   0   0   0   0   0   0   0   0   0   0   0   0   0 
  0   0   0   0   0   0   0   0   0   0   0   0   0   0   0   0   0   0   0   0   0   0   0   0   0   0   0   0 
--------
Eval for all zeroes: 0.533716
Integrated gradients wrt all zeroes:
--------
  0   0   0   0   0   0   0   0   0   0   0   0   0   0   0   0   0   0   0   0   0   0   0   0   0   0   0   0 
  0   0   0   0   0   0   0   0   0   0   0   0   0   0   0   0   0   0   0   0   0   0   0   0   0   0   0   0 
  0   0   0   0   0   0   0   0   0   0   0   0   0   0   0   0   0   0   0   0   0   0   0   0   0   0   0   0 
  0   0   0   0   0   0   0   0   0   0   0   0   0   0   0   0   0   0   0   0   0   0   0   0   0   0   0   0 
  0   0   0   0   0   0   0   0   0   0   0   0   0   0   0   0   0   0   0   0   0   0   0   0   0   0   0   0 
  0   0   0   0   0   0   0   0   0   1   1  -7  -3  10  26  18   3   0   0   0   0   0   0   0   0   0   0   0 
  0   0   0   0   0   0   0   0   1   2  -3 -16  -1  21  13  18  21  10  -3   0   0   0   0   0   0   0   0   0 
  0   0   0   0   0   0   0   0  -3 -43 -17  -3   0   1   7   5   1   7   0   0   0   0   0   0   0   0   0   0 
  0   0   0   0   0   0   0   0 -14 -62 -17   0   0   0   0   0   0   0   0   0   0   0   0   0   0   0   0   0 
  0   0   0   0   0   0   0   0 -48 -83  -6   0   0   0   0   0   0   0   0   0   0   0   0   0   0   0   0   0 
  0   0   0   0   0   0   0   0 -102 -139   0   0   0   0   0  10  23  16   6   2   0   0   0   0   0   0   0   0 
  0   0   0   0   0   0   0   0 -119 -128   0   0   0   8  36  41  43  32  10  13  -3   0   0   0   0   0   0   0 
  0   0   0   0   0   0   0   0 -71 -82  -7   3  23  54  47  34   8   0   1   1 -30   0   0   0   0   0   0   0 
  0   0   0   0   0   0   0   0 -10 -45 -34 -22  15  27   2   0   0   0   0   0 -18 -13   0   0   0   0   0   0 
  0   0   0   0   0   0   0   0   0 -15 -24 -20   1   0   0   0   0   0   0   0   6 -10   0   0   0   0   0   0 
  0   0   0   0   0   0   0   0   0   0   0   0   0   0   0   0   0   0   0   0   8  -2   0   0   0   0   0   0 
  0   0   0   0   0   0   0   0   0   0   0   0   0   0   0   0   0   0   0   0  -1   2   0   0   0   0   0   0 
  0   0   0   0   0   0   0   0   0   0   0   0   0   0   0   0   0   0   0   0  -2  -1   0   0   0   0   0   0 
  0   0   0   0   0   0   0   0   0   0   0   0   0   0   0   0   0   0   0   0  -4  15   0   0   0   0   0   0 
  0   0   0   0   0   0   0   0   0   0   0   0   0   0   0   0   0   0   0   0  -1  17   0   0   0   0   0   0 
  0   0   0   0   0   0   0   0 -11   6   3   0   0   0   0   0   0   0   0   0  -1   6   0   0   0   0   0   0 
  0   0   0   0   0   0   0   0   0  -4   0   0   0   0   0   0   0   0   0   0  -3  -1   0   0   0   0   0   0 
  0   0   0   0   0   0   0   0   0   3 -15  -6  -2   0   0   0   0   0   0   0  -1  -1   0   0   0   0   0   0 
  0   0   0   0   0   0   0   0   0   0   6  18  12  29  16   9   0  -2   3   0  -6   0   0   0   0   0   0   0 
  0   0   0   0   0   0   0   0   0   0   0   2   4  10  12   2   2   4  -4  -5   0   0   0   0   0   0   0   0 
  0   0   0   0   0   0   0   0   0   0   0   0   0   0   0   0   0   0   0   0   0   0   0   0   0   0   0   0 
  0   0   0   0   0   0   0   0   0   0   0   0   0   0   0   0   0   0   0   0   0   0   0   0   0   0   0   0 
  0   0   0   0   0   0   0   0   0   0   0   0   0   0   0   0   0   0   0   0   0   0   0   0   0   0   0   0 
--------



--------
Eval for Test Image: 0.999996
Label for Test Image: 1
Test Image:
--------
  0   0   0   0   0   0   0   0   0   0   0   0   0   0   0   0   0   0   0   0   0   0   0   0   0   0   0   0 
  0   0   0   0   0   0   0   0   0   0   0   0   0   0   0   0   0   0   0   0   0   0   0   0   0   0   0   0 
  0   0   0   0   0   0   0   0   0   0   0   0   0   0   0   0   0   0   0   0   0   0   0   0   0   0   0   0 
  0   0   0   0   0   0   0   0   0   0   0   0   0   0   0   0   0   0   0   0   0   0   0   0   0   0   0   0 
  0   0   0   0   0   0   0   0   0   0   0   0   0   0   0   0   0   0   0   0   0   0   0   0   0   0   0   0 
  0   0   0   0   0   0   0  17  24  24 139 138 170 159 138 191 114   0   0   0   0   0   0   0   0   0   0   0 
  0   0   0   0   0   0   0 184 252 252 253 252 252 252 252 253 236  65   0   0   0   0   0   0   0   0   0   0 
  0   0   0   0   0   0   0 184 252 252 253 252 252 252 252 253 252 234  33   0   0   0   0   0   0   0   0   0 
  0   0   0   0   0   0   0  65 194 252 253 252 227  66 234 253 252 252  45   0   0   0   0   0   0   0   0   0 
  0   0   0   0   0   0   0   0   9  22  23  22  16  43 240 253 252 252  45   0   0   0   0   0   0   0   0   0 
  0   0   0   0   0   0   0   0   0   0   0  36 170 253 253 255 253 247  42   0   0   0   0   0   0   0   0   0 
  0   0   0   0   0   0   0   0   0  22 162 219 252 252 252 253 244  98   0   0   0   0   0   0   0   0   0   0 
  0   0   0   0   0   0   0   0   0 199 253 252 252 252 252 253 219  70  13   0   0   0   0   0   0   0   0   0 
  0   0   0   0   0   0   0   0   0 230 253 252 252 252 252 211 252 252 121   9   0   0   0   0   0   0   0   0 
  0   0   0   0   0   0   0   0   0 126 253 252 221 137  32  13  43 168 252 179   0   0   0   0   0   0   0   0 
  0   0   0   0   0   0   0   0   0   0 116  95   0   0   0   0   0   0  95 231 179   0   0   0   0   0   0   0 
  0   0   0   0   0   0   0   0   0   0   0   0   0   0   0   0   0   0   0 116 245  80   0   0   0   0   0   0 
  0   0   0   0   0   0   0   0   0   0   0   0   0   0   0   0   0   0   0 116 253 219  19   0   0   0   0   0 
  0   0   0   0   0   0   0   0   0   0   0   0   0   0   0   0   0   0  34 218 253 252  69   0   0   0   0   0 
  0   0   0   0   0   0   0   0  43 116  53   0   0   0   0   0   0  32 218 252 253 252  69   0   0   0   0   0 
  0   0   0   0   0   0   0  38 233 253 181  24  24  24  24  87 159 253 253 253 242 116  32   0   0   0   0   0 
  0   0   0   0   0   0   0  70 252 252 253 252 252 252 252 253 252 252 252 252 157   0   0   0   0   0   0   0 
  0   0   0   0   0   0   0  19 188 252 253 252 252 252 252 253 252 252 227 130  32   0   0   0   0   0   0   0 
  0   0   0   0   0   0   0   0  59 202 253 252 252 252 252 253 252 227  50   0   0   0   0   0   0   0   0   0 
  0   0   0   0   0   0   0   0   0  11  86 137 137 137 242 190 137  48   0   0   0   0   0   0   0   0   0   0 
  0   0   0   0   0   0   0   0   0   0   0   0   0   0   0   0   0   0   0   0   0   0   0   0   0   0   0   0 
  0   0   0   0   0   0   0   0   0   0   0   0   0   0   0   0   0   0   0   0   0   0   0   0   0   0   0   0 
  0   0   0   0   0   0   0   0   0   0   0   0   0   0   0   0   0   0   0   0   0   0   0   0   0   0   0   0 
--------
Eval for all zeroes: 0.533716
Integrated gradients wrt all zeroes:
--------
  0   0   0   0   0   0   0   0   0   0   0   0   0   0   0   0   0   0   0   0   0   0   0   0   0   0   0   0 
  0   0   0   0   0   0   0   0   0   0   0   0   0   0   0   0   0   0   0   0   0   0   0   0   0   0   0   0 
  0   0   0   0   0   0   0   0   0   0   0   0   0   0   0   0   0   0   0   0   0   0   0   0   0   0   0   0 
  0   0   0   0   0   0   0   0   0   0   0   0   0   0   0   0   0   0   0   0   0   0   0   0   0   0   0   0 
  0   0   0   0   0   0   0   0   0   0   0   0   0   0   0   0   0   0   0   0   0   0   0   0   0   0   0   0 
  0   0   0   0   0   0   0   0   0   0   3   2   3   3   1   1   1   0   0   0   0   0   0   0   0   0   0   0 
  0   0   0   0   0   0   0   2   5   7   6   6   5   7   4   4   6   1   0   0   0   0   0   0   0   0   0   0 
  0   0   0   0   0   0   0   2   3   2   3   3   3   5   7   8   6   5   0   0   0   0   0   0   0   0   0   0 
  0   0   0   0   0   0   0   0   1   0   0  -1   0   0   6   6   5   5   1   0   0   0   0   0   0   0   0   0 
  0   0   0   0   0   0   0   0   0   0   0   0   0   0   5   7   9   6   0   0   0   0   0   0   0   0   0   0 
  0   0   0   0   0   0   0   0   0   0   0  -1  -4   1   5   8   9   7   1   0   0   0   0   0   0   0   0   0 
  0   0   0   0   0   0   0   0   0   0  -4  -1   2   6   8  10   9   4   0   0   0   0   0   0   0   0   0   0 
  0   0   0   0   0   0   0   0   0  -4  -1   2   5   8  11  12  10   2   0   0   0   0   0   0   0   0   0   0 
  0   0   0   0   0   0   0   0   0  -1   0   0   5   9  10   8   9   5   1   0   0   0   0   0   0   0   0   0 
  0   0   0   0   0   0   0   0   0   0  -2   0   5   5   1   0   0   2   3   1   0   0   0   0   0   0   0   0 
  0   0   0   0   0   0   0   0   0   0  -1   0   0   0   0   0   0   0   1   5   3   0   0   0   0   0   0   0 
  0   0   0   0   0   0   0   0   0   0   0   0   0   0   0   0   0   0   0   2   4   1   0   0   0   0   0   0 
  0   0   0   0   0   0   0   0   0   0   0   0   0   0   0   0   0   0   0   1   3   3   0   0   0   0   0   0 
  0   0   0   0   0   0   0   0   0   0   0   0   0   0   0   0   0   0   0   3   2   5   1   0   0   0   0   0 
  0   0   0   0   0   0   0   0   0  -2   0   0   0   0   0   0   0   0   6   4   3   4   0   0   0   0   0   0 
  0   0   0   0   0   0   0   0   1   1   0   0   0   0   0   1   2   6   7   3   3   1   0   0   0   0   0   0 
  0   0   0   0   0   0   0   0   3   1   1   0   1   2   3   4   6   6   5   3   0   0   0   0   0   0   0   0 
  0   0   0   0   0   0   0   0   3   4   4   5   3   5   5   5   5   4   2   1   0   0   0   0   0   0   0   0 
  0   0   0   0   0   0   0   0   1   4   6   7   5   6   4   3   1   1   0   0   0   0   0   0   0   0   0   0 
  0   0   0   0   0   0   0   0   0   0   1   3   2   2   4   1   0   0   0   0   0   0   0   0   0   0   0   0 
  0   0   0   0   0   0   0   0   0   0   0   0   0   0   0   0   0   0   0   0   0   0   0   0   0   0   0   0 
  0   0   0   0   0   0   0   0   0   0   0   0   0   0   0   0   0   0   0   0   0   0   0   0   0   0   0   0 
  0   0   0   0   0   0   0   0   0   0   0   0   0   0   0   0   0   0   0   0   0   0   0   0   0   0   0   0 
--------



--------
Eval for Test Image: 1.92718e-05
Label for Test Image: 0
Test Image:
--------
  0   0   0   0   0   0   0   0   0   0   0   0   0   0   0   0   0   0   0   0   0   0   0   0   0   0   0   0 
  0   0   0   0   0   0   0   0   0   0   0   0   0   0   0   0   0   0   0   0   0   0   0   0   0   0   0   0 
  0   0   0   0   0   0   0   0   0   0   0   0   0   0   0   0   0   0   0   0   0   0   0   0   0   0   0   0 
  0   0   0   0   0   0   0   0   0   0   0   0   0   0   0   0   0   0   0   0   0   0   0   0   0   0   0   0 
  0   0   0   0   0   0   0   0   0   0   0   0   0   0   0   0   0   0   0   0   0   0   0   0   0   0   0   0 
  0   0   0   0   0   0  49 180 253 244 138 138 138 138 139 118  13   5   0   0   0   0   0   0   0   0   0   0 
  0   0   0   0   0   0 184 252 252 253 252 252 252 252 253 252 211 177  36   0   0   0   0   0   0   0   0   0 
  0   0   0   0   0   0  50 111 215 184 162 100  89 173 184 196 252 252 168   0   0   0   0   0   0   0   0   0 
  0   0   0   0   0   0   0  34 218  95   0   0   0   0   0   9 102 252 252   0   0   0   0   0   0   0   0   0 
  0   0   0   0   0   0   0  93 252 116   0   0   0   0   0   0 122 252 252   0   0   0   0   0   0   0   0   0 
  0   0   0   0   0   0   0  85 251 181   9   0   0   0   0  57 253 253 137   0   0   0   0   0   0   0   0   0 
  0   0   0   0   0   0   0   0 135 253 173  34   0   0  89 219 252 252  64   0   0   0   0   0   0   0   0   0 
  0   0   0   0   0   0   0   0   0 137 252 202  44   0 222 252 252 101   6   0   0   0   0   0   0   0   0   0 
  0   0   0   0   0   0   0   0   0   5 119 185 236 155 253 252 252  45   0   0   0   0   0   0   0   0   0   0 
  0   0   0   0   0   0   0   0   0   0   0   7 117 242 253 252 252  98   0   0   0   0   0   0   0   0   0   0 
  0   0   0   0   0   0   0   0   0   0   0   0   0 116 255 253 253 253 148   0   0   0   0   0   0   0   0   0 
  0   0   0   0   0   0   0   0   0   0   0   0   0 116 253 252 252 252 252 147   0   0   0   0   0   0   0   0 
  0   0   0   0   0   0   0   0   0   0   0   0  26 205 253 252 252 252 252 247  67   0   0   0   0   0   0   0 
  0   0   0   0   0   0   0   0   0   0   0   0 187 252  98  45 129 194 252 253 133   0   0   0   0   0   0   0 
  0   0   0   0   0   0   0   0   0   0   0  32 228 200   0   0   0  51 189 253 248  63   0   0   0   0   0   0 
  0   0   0   0   0   0   0   0   0   0   0 132 253 137   0   0   0   0   0  76 253 184   0   0   0   0   0   0 
  0   0   0   0   0   0   0   0   0   0   0 184 252 137   0   0   0   0   0  45 252 183   0   0   0   0   0   0 
  0   0   0   0   0   0   0   0   0   0   0 184 252 221   0   0   0   0   0 222 252 183   0   0   0   0   0   0 
  0   0   0   0   0   0   0   0   0   0   0  90 252 252 145  93  93 134 207 253 252 183   0   0   0   0   0   0 
  0   0   0   0   0   0   0   0   0   0   0   7 211 252 253 252 252 252 252 253 157  16   0   0   0   0   0   0 
  0   0   0   0   0   0   0   0   0   0   0   0   0   0   0   0   0   0   0   0   0   0   0   0   0   0   0   0 
  0   0   0   0   0   0   0   0   0   0   0   0   0   0   0   0   0   0   0   0   0   0   0   0   0   0   0   0 
  0   0   0   0   0   0   0   0   0   0   0   0   0   0   0   0   0   0   0   0   0   0   0   0   0   0   0   0 
--------
Eval for all zeroes: 0.533716
Integrated gradients wrt all zeroes:
--------
  0   0   0   0   0   0   0   0   0   0   0   0   0   0   0   0   0   0   0   0   0   0   0   0   0   0   0   0 
  0   0   0   0   0   0   0   0   0   0   0   0   0   0   0   0   0   0   0   0   0   0   0   0   0   0   0   0 
  0   0   0   0   0   0   0   0   0   0   0   0   0   0   0   0   0   0   0   0   0   0   0   0   0   0   0   0 
  0   0   0   0   0   0   0   0   0   0   0   0   0   0   0   0   0   0   0   0   0   0   0   0   0   0   0   0 
  0   0   0   0   0   0   0   0   0   0   0   0   0   0   0   0   0   0   0   0   0   0   0   0   0   0   0   0 
  0   0   0   0   0   0   5  -3   6  28  26  10  15  46  44  42   4   1   0   0   0   0   0   0   0   0   0   0 
  0   0   0   0   0   0  -2 -63 -10  10   3  -3   0  27  32  23  39  41   4   0   0   0   0   0   0   0   0   0 
  0   0   0   0   0   0  -4 -28 -61 -75 -47 -16  -6  22  47  28  -7  30   6   0   0   0   0   0   0   0   0   0 
  0   0   0   0   0   0   0  -4 -35 -26   0   0   0   0   0   1   8  31  35   0   0   0   0   0   0   0   0   0 
  0   0   0   0   0   0   0   7 -57 -34   0   0   0   0   0   0  29  -2 -16   0   0   0   0   0   0   0   0   0 
  0   0   0   0   0   0   0  -5 -119 -127  -4   0   0   0   0   9   4 -12   9   0   0   0   0   0   0   0   0   0 
  0   0   0   0   0   0   0   0 -85 -186 -89   3   0   0  36  48  15  24  16   0   0   0   0   0   0   0   0   0 
  0   0   0   0   0   0   0   0   0 -61 -47  74  28   0 115 106  97  35   0   0   0   0   0   0   0   0   0   0 
  0   0   0   0   0   0   0   0   0   0 -16   9  93  94 110  81  84   0   0   0   0   0   0   0   0   0   0   0 
  0   0   0   0   0   0   0   0   0   0   0   0  43 168 177  91 -11 -33   0   0   0   0   0   0   0   0   0   0 
  0   0   0   0   0   0   0   0   0   0   0   0   0  54  75 -26 -118 -126 -53   0   0   0   0   0   0   0   0   0 
  0   0   0   0   0   0   0   0   0   0   0   0   0  -1 -109 -174 -149 -44 -41  -9   0   0   0   0   0   0   0   0 
  0   0   0   0   0   0   0   0   0   0   0   0  -7 -112 -163 -141 -14  38  -4   8   8   0   0   0   0   0   0   0 
  0   0   0   0   0   0   0   0   0   0   0   0 -124 -193 -57  -7  43  57  22  38  21   0   0   0   0   0   0   0 
  0   0   0   0   0   0   0   0   0   0   0  -7 -127 -134   0   0   0  17  54  69  45  22   0   0   0   0   0   0 
  0   0   0   0   0   0   0   0   0   0   0 -19 -117 -62   0   0   0   0   0  12  37  45   0   0   0   0   0   0 
  0   0   0   0   0   0   0   0   0   0   0 -10 -57 -13   0   0   0   0   0   0   5   2   0   0   0   0   0   0 
  0   0   0   0   0   0   0   0   0   0   0  56  -2   4   0   0   0   0   0  -7 -13 -12   0   0   0   0   0   0 
  0   0   0   0   0   0   0   0   0   0   0  36  43  48   7  -7 -26 -18   2 -21 -19 -23   0   0   0   0   0   0 
  0   0   0   0   0   0   0   0   0   0   0   2  70  63  44 -14  -5  33  -4 -30 -27  -1   0   0   0   0   0   0 
  0   0   0   0   0   0   0   0   0   0   0   0   0   0   0   0   0   0   0   0   0   0   0   0   0   0   0   0 
  0   0   0   0   0   0   0   0   0   0   0   0   0   0   0   0   0   0   0   0   0   0   0   0   0   0   0   0 
  0   0   0   0   0   0   0   0   0   0   0   0   0   0   0   0   0   0   0   0   0   0   0   0   0   0   0   0 
--------



--------
Eval for Test Image: 0.0116695
Label for Test Image: 1
Test Image:
--------
  0   0   0   0   0   0   0   0   0   0   0   0   0   0   0   0   0   0   0   0   0   0   0   0   0   0   0   0 
  0   0   0   0   0   0   0   0   0   0   0   0   0   0   0   0   0   0   0   0   0   0   0   0   0   0   0   0 
  0   0   0   0   0   0   0   0   0   0   0   0   0   0   0   0   0   0   0   0   0   0   0   0   0   0   0   0 
  0   0   0   0   0   0   0   0   0   0   0   0   0   0   0   0   0   0   0   0   0   0   0   0   0   0   0   0 
  0   0   0   0   0   0   0   0   0   0   0   0   0   0   0   0   0   0   0   0   0   0   0   0   0   0   0   0 
  0   0   0   0   0   0   2  13 100 133 232 254 254 254 134  63   0   0   0   0   0   0   0   0   0   0   0   0 
  0   0   0   0   0   3  58 253 253 253 245 229 229 229 254 243 128   9   0   0   0   0   0   0   0   0   0   0 
  0   0   0   0   0  42 253 229 188  96  64   0   0   0 160 238 253 166  11   0   0   0   0   0   0   0   0   0 
  0   0   0   0   0 145 253  84   0   0   0   0   0   0   0  60 235 253 152   0   0   0   0   0   0   0   0   0 
  0   0   0   0   0 117 253  84   0   0   0   0   0   0   0   0  62 233 236  43   0   0   0   0   0   0   0   0 
  0   0   0   0   0  18 163  20   0   0   0   0   0   0   0   0   0 169 253  60   0   0   0   0   0   0   0   0 
  0   0   0   0   0   0   0   0   0   0   0   0   0   0   0   0   0 169 253  60   0   0   0   0   0   0   0   0 
  0   0   0   0   0   0   0   0   0   0   0   0   0   0   0   0  14 202 230  37   0   0   0   0   0   0   0   0 
  0   0   0   0   0   0   0   0   0   0   0   0   0   0   0   0  89 253 193   0   0   0   0   0   0   0   0   0 
  0   0   0   0   0   0   0   0   0   0   0   0   0   0   0  82 249 253  77   0   0   0   0   0   0   0   0   0 
  0   0   0   0   0   0   0   0   0   0   0   0   0 128 198 254 254 255 167  41   3   0   0   0   0   0   0   0 
  0   0   0   0   0   0   0   0   0   0   0   0 121 249 254 251 229 234 253 253  68   4   0   0   0   0   0   0 
  0   0   0   0   0   0   0   0   0   0   0   0  94 252 212  87   0  19  96 216 253 111   0   0   0   0   0   0 
  0   0   0   0   0   0   0   0   0   0   0   0   0  81   0   0   0   0   0 113 253 221  16   0   0   0   0   0 
  0   0   0   0   0   0   0   0   0   0   0   0   0   0   0   0   0   0   0  73 253 253  24   0   0   0   0   0 
  0   0   0   0   0   0   0   0   0   0   0   0   0   0   0   0   0   0   0 165 253 225  17   0   0   0   0   0 
  0   0   0   0   0   0   0   0   0   0   0   0   0   0   0   0   0   0  91 242 253 116   0   0   0   0   0   0 
  0   0   0   0   0   0   0  19  28   0   0   0   0   0   5  98  98 178 243 253 134   5   0   0   0   0   0   0 
  0   0   0   0   0   0   0  49 237 137 110 110 219 230 232 253 253 180  58  24   5   0   0   0   0   0   0   0 
  0   0   0   0   0   0   0  26 132 225 253 253 253 195 132 132  57   4   0   0   0   0   0   0   0   0   0   0 
  0   0   0   0   0   0   0   0   0   0   0   0   0   0   0   0   0   0   0   0   0   0   0   0   0   0   0   0 
  0   0   0   0   0   0   0   0   0   0   0   0   0   0   0   0   0   0   0   0   0   0   0   0   0   0   0   0 
  0   0   0   0   0   0   0   0   0   0   0   0   0   0   0   0   0   0   0   0   0   0   0   0   0   0   0   0 
--------
Eval for all zeroes: 0.533716
Integrated gradients wrt all zeroes:
--------
  0   0   0   0   0   0   0   0   0   0   0   0   0   0   0   0   0   0   0   0   0   0   0   0   0   0   0   0 
  0   0   0   0   0   0   0   0   0   0   0   0   0   0   0   0   0   0   0   0   0   0   0   0   0   0   0   0 
  0   0   0   0   0   0   0   0   0   0   0   0   0   0   0   0   0   0   0   0   0   0   0   0   0   0   0   0 
  0   0   0   0   0   0   0   0   0   0   0   0   0   0   0   0   0   0   0   0   0   0   0   0   0   0   0   0 
  0   0   0   0   0   0   0   0   0   0   0   0   0   0   0   0   0   0   0   0   0   0   0   0   0   0   0   0 
  0   0   0   0   0   0   0  -2 -21 -13  31  16  16  99  28  19   0   0   0   0   0   0   0   0   0   0   0   0 
  0   0   0   0   0   0 -16 -143 -88 -56 -58   6  24  16  26   3  32   5   0   0   0   0   0   0   0   0   0   0 
  0   0   0   0   0   1 -81 -130 -96 -44 -22   0   0   0  80  54  -2  46   4   0   0   0   0   0   0   0   0   0 
  0   0   0   0   0  -4 -101 -29   0   0   0   0   0   0   0  17  -7  20  37   0   0   0   0   0   0   0   0   0 
  0   0   0   0   0  -2 -26   4   0   0   0   0   0   0   0   0  -7 -39 -11  10   0   0   0   0   0   0   0   0 
  0   0   0   0   0  -3 -35  -2   0   0   0   0   0   0   0   0   0 -25  70  16   0   0   0   0   0   0   0   0 
  0   0   0   0   0   0   0   0   0   0   0   0   0   0   0   0   0  23 123  18   0   0   0   0   0   0   0   0 
  0   0   0   0   0   0   0   0   0   0   0   0   0   0   0   0   5  58  52   2   0   0   0   0   0   0   0   0 
  0   0   0   0   0   0   0   0   0   0   0   0   0   0   0   0  28 -37  -1   0   0   0   0   0   0   0   0   0 
  0   0   0   0   0   0   0   0   0   0   0   0   0   0   0  39 -61 -157 -31   0   0   0   0   0   0   0   0   0 
  0   0   0   0   0   0   0   0   0   0   0   0   0  29  29 -93 -232 -234 -61  -1   0   0   0   0   0   0   0   0 
  0   0   0   0   0   0   0   0   0   0   0   0   9 -55 -164 -274 -232 -128 -25   0   9   0   0   0   0   0   0   0 
  0   0   0   0   0   0   0   0   0   0   0   0 -45 -126 -170 -64   0   1   6  17  41  35   0   0   0   0   0   0 
  0   0   0   0   0   0   0   0   0   0   0   0   0 -54   0   0   0   0   0  25  29  66   5   0   0   0   0   0 
  0   0   0   0   0   0   0   0   0   0   0   0   0   0   0   0   0   0   0  28  30  66   7   0   0   0   0   0 
  0   0   0   0   0   0   0   0   0   0   0   0   0   0   0   0   0   0   0  46  48  42   0   0   0   0   0   0 
  0   0   0   0   0   0   0   0   0   0   0   0   0   0   0   0   0   0  44  69  27  -8   0   0   0   0   0   0 
  0   0   0   0   0   0   0  12  14   0   0   0   0   0   0   4   7   4  -1  19 -15  -1   0   0   0   0   0   0 
  0   0   0   0   0   0   0  23  79  51  58  66  62  68  31 -12 -97   6   6   0  -1   0   0   0   0   0   0   0 
  0   0   0   0   0   0   0   8  43 113 122 134 150  99  54  17   6   1   0   0   0   0   0   0   0   0   0   0 
  0   0   0   0   0   0   0   0   0   0   0   0   0   0   0   0   0   0   0   0   0   0   0   0   0   0   0   0 
  0   0   0   0   0   0   0   0   0   0   0   0   0   0   0   0   0   0   0   0   0   0   0   0   0   0   0   0 
  0   0   0   0   0   0   0   0   0   0   0   0   0   0   0   0   0   0   0   0   0   0   0   0   0   0   0   0 
--------



--------
Eval for Test Image: 1.05864e-12
Label for Test Image: 0
Test Image:
--------
  0   0   0   0   0   0   0   0   0   0   0   0   0   0   0   0   0   0   0   0   0   0   0   0   0   0   0   0 
  0   0   0   0   0   0   0   0   0   0   0   0   0   0   0   0   0   0   0   0   0   0   0   0   0   0   0   0 
  0   0   0   0   0   0   0   0   0   0   0   0   0   0   0   0   0   0   0   0   0   0   0   0   0   0   0   0 
  0   0   0   0   0   0   0   0   0   0   0   0   0   0   0   0   0   0   0   0   0   0   0   0   0   0   0   0 
  0   0   0   0   0   0   0   0   0   0   0   0   0   0   0   0   0   0   0   0   0   0   0   0   0   0   0   0 
  0   0   0   0   0   0   0   0   0   0   0   0   0   0   0   0   0   0   0   0   0   0   0   0   0   0   0   0 
  0   0   0   0   0   0   0   0   0   0   2  53 225 253 255 253 119   2   0   0   0   0   0   0   0   0   0   0 
  0   0   0   0   0   0   0   0   0   0  40 252 252 252 216 232 252  88   0   0   0   0   0   0   0   0   0   0 
  0   0   0   0   0   0   0   0   0  35 221 252 222 106  19  86 252 121   0   0   0   0   0   0   0   0   0   0 
  0   0   0   0   0   0   0   0   0  89 252 248  64   0   0   3 211 180  18   0   0   0   0   0   0   0   0   0 
  0   0   0   0   0   0   0   0   0 160 250 115   0   0   0   0 185 252 197   0   0   0   0   0   0   0   0   0 
  0   0   0   0   0   0   0   0   0 198 241   0   0   0   0   0 186 252 197   0   0   0   0   0   0   0   0   0 
  0   0   0   0   0   0   0   0   0 198 241   0   0   0   0  37 230 252 197   0   0   0   0   0   0   0   0   0 
  0   0   0   0   0   0   0   0  34 231 241   0   0   0  21 223 252 252 130   0   0   0   0   0   0   0   0   0 
  0   0   0   0   0   0   0   0  39 236 245  31   0  34 148 252 252 236  23   0   0   0   0   0   0   0   0   0 
  0   0   0   0   0   0   0   0   0 198 252 213 192 234 253 252 252 230   0   0   0   0   0   0   0   0   0   0 
  0   0   0   0   0   0   0   0   0  78 222 253 253 239 207 100 253 121   0   0   0   0   0   0   0   0   0   0 
  0   0   0   0   0   0   0   0   0   0   9 186 105  43   0  96 252 121   0   0   0   0   0   0   0   0   0   0 
  0   0   0   0   0   0   0   0   0   0   0   0   0   0   0 176 252 121   0   0   0   0   0   0   0   0   0   0 
  0   0   0   0   0   0   0   0   0   0   0   0   0   0  32 249 252  63   0   0   0   0   0   0   0   0   0   0 
  0   0   0   0   0   0   0   0   0   0   0   0   0   0  34 252 252  10   0   0   0   0   0   0   0   0   0   0 
  0   0   0   0   0   0   0   0   0   0   0   0   0   0  34 252 252  97   0   0   0   0   0   0   0   0   0   0 
  0   0   0   0   0   0   0   0   0   0   0   0   0   0  34 252 252 121   0   0   0   0   0   0   0   0   0   0 
  0   0   0   0   0   0   0   0   0   0   0   0   0   0  34 252 252 121   0   0   0   0   0   0   0   0   0   0 
  0   0   0   0   0   0   0   0   0   0   0   0   0   0  34 252 252  87   0   0   0   0   0   0   0   0   0   0 
  0   0   0   0   0   0   0   0   0   0   0   0   0   0  19 219 209   6   0   0   0   0   0   0   0   0   0   0 
  0   0   0   0   0   0   0   0   0   0   0   0   0   0   0   0   0   0   0   0   0   0   0   0   0   0   0   0 
  0   0   0   0   0   0   0   0   0   0   0   0   0   0   0   0   0   0   0   0   0   0   0   0   0   0   0   0 
--------
Eval for all zeroes: 0.533716
Integrated gradients wrt all zeroes:
--------
  0   0   0   0   0   0   0   0   0   0   0   0   0   0   0   0   0   0   0   0   0   0   0   0   0   0   0   0 
  0   0   0   0   0   0   0   0   0   0   0   0   0   0   0   0   0   0   0   0   0   0   0   0   0   0   0   0 
  0   0   0   0   0   0   0   0   0   0   0   0   0   0   0   0   0   0   0   0   0   0   0   0   0   0   0   0 
  0   0   0   0   0   0   0   0   0   0   0   0   0   0   0   0   0   0   0   0   0   0   0   0   0   0   0   0 
  0   0   0   0   0   0   0   0   0   0   0   0   0   0   0   0   0   0   0   0   0   0   0   0   0   0   0   0 
  0   0   0   0   0   0   0   0   0   0   0   0   0   0   0   0   0   0   0   0   0   0   0   0   0   0   0   0 
  0   0   0   0   0   0   0   0   0   0   0   0  -3  19  13  24  22   0   0   0   0   0   0   0   0   0   0   0 
  0   0   0   0   0   0   0   0   0   0  -4 -31  -2  40  48  30  22  16   0   0   0   0   0   0   0   0   0   0 
  0   0   0   0   0   0   0   0   0  -3 -19 -24  14  32   5  15  24   9   0   0   0   0   0   0   0   0   0   0 
  0   0   0   0   0   0   0   0   0  -9 -42 -48   2   0   0   0  30 -11  -1   0   0   0   0   0   0   0   0   0 
  0   0   0   0   0   0   0   0   0 -60 -91 -26   0   0   0   0   5 -36 -17   0   0   0   0   0   0   0   0   0 
  0   0   0   0   0   0   0   0   0 -85 -79   0   0   0   0   0   8  -2 -10   0   0   0   0   0   0   0   0   0 
  0   0   0   0   0   0   0   0   0 -61 -41   0   0   0   0   8  35  18   3   0   0   0   0   0   0   0   0   0 
  0   0   0   0   0   0   0   0  -7 -37 -38   0   0   0   3  31  27 -13  -9   0   0   0   0   0   0   0   0   0 
  0   0   0   0   0   0   0   0  -9 -35 -38  -5   0   4  40  62 -11 -40  -3   0   0   0   0   0   0   0   0   0 
  0   0   0   0   0   0   0   0   0 -32 -34 -10   8  48  64  36 -38 -69   0   0   0   0   0   0   0   0   0   0 
  0   0   0   0   0   0   0   0   0 -14 -27   0  34  41  17 -15 -63 -20   0   0   0   0   0   0   0   0   0   0 
  0   0   0   0   0   0   0   0   0   0  -1   0   4   0   0 -23 -40  -5   0   0   0   0   0   0   0   0   0   0 
  0   0   0   0   0   0   0   0   0   0   0   0   0   0   0 -29  -2   4   0   0   0   0   0   0   0   0   0   0 
  0   0   0   0   0   0   0   0   0   0   0   0   0   0  -2 -24   5  11   0   0   0   0   0   0   0   0   0   0 
  0   0   0   0   0   0   0   0   0   0   0   0   0   0  -1  -8  14   1   0   0   0   0   0   0   0   0   0   0 
  0   0   0   0   0   0   0   0   0   0   0   0   0   0   0   7  28  11   0   0   0   0   0   0   0   0   0   0 
  0   0   0   0   0   0   0   0   0   0   0   0   0   0   1  13  11  -1   0   0   0   0   0   0   0   0   0   0 
  0   0   0   0   0   0   0   0   0   0   0   0   0   0   1  -8 -27  -7   0   0   0   0   0   0   0   0   0   0 
  0   0   0   0   0   0   0   0   0   0   0   0   0   0   1  -1  -5   1   0   0   0   0   0   0   0   0   0   0 
  0   0   0   0   0   0   0   0   0   0   0   0   0   0   0   4   6   0   0   0   0   0   0   0   0   0   0   0 
  0   0   0   0   0   0   0   0   0   0   0   0   0   0   0   0   0   0   0   0   0   0   0   0   0   0   0   0 
  0   0   0   0   0   0   0   0   0   0   0   0   0   0   0   0   0   0   0   0   0   0   0   0   0   0   0   0 
--------



--------
Eval for Test Image: 0.999958
Label for Test Image: 1
Test Image:
--------
  0   0   0   0   0   0   0   0   0   0   0   0   0   0   0   0   0   0   0   0   0   0   0   0   0   0   0   0 
  0   0   0   0   0   0   0   0   0   0   0   0   0   0   0   0   0   0   0   0   0   0   0   0   0   0   0   0 
  0   0   0   0   0   0   0   0   0   0   0   0   0   0   0   0   0   0   0   0   0   0   0   0   0   0   0   0 
  0   0   0   0   0   0   0   0   0   0   0   0   0   0   0   0   0   0   0   0   0   0   0   0   0   0   0   0 
  0   0   0   9 201 255 166 136  32  18  74  18   6   0   0   0   0   0   0   0   0   0   0   0   0   0   0   0 
  0   0   0   0  78 242 253 253 253 253 253 247 102  99 154 154  94  32   0   0   0   0   0   0   0   0   0   0 
  0   0   0   0   0  56  82  82  82  82 148 167  20 189 253 253 253 244 139   0   0   0   0   0   0   0   0   0 
  0   0   0   0   0   0   0   0   0   0   0   0   0  20 124 243 253 253 206   0   0   0   0   0   0   0   0   0 
  0   0   0   0   0   0   0   0   0   0   0   0   0 105 246 253 253 253 228  33   0   0   0   0   0   0   0   0 
  0   0   0   0   0   0   0   0   0   0   0  68 134 247 253 253 253 191 120   0   0   0   0   0   0   0   0   0 
  0   0   0   0   0   0   0   0   0   0  70 206 253 253 253 253 247 104   0   0   0   0   0   0   0   0   0   0 
  0   0   0   0   0   0   0   0   0   4 204 253 253 253 253 201   3   0   0   0   0   0   0   0   0   0   0   0 
  0   0   0   0   0   0   0   0   0   3 183 253 253 253 253 253  27  18   0   0   0   0   0   0   0   0   0   0 
  0   0   0   0   0   0   0   0   0   0 110 204 239 194 194 195 182  57   0   0   0   0   0   0   0   0   0   0 
  0   0   0   0   0   0   0   0   0   0   0  10  45   0   0  53 147 132 173  58   0   0   0   0   0   0   0   0 
  0   0   0   0   0   0   0   0   0   0   0   0   0   0   0   0   0  93 221 212  64   0   0   0   0   0   0   0 
  0   0   0   0   0   0   0   0   0   0   0   0   0   0   0   0   0   0  37 222 246  84   0   0   0   0   0   0 
  0   0   0   0   0   0   0   0   0   0   0   0   0   0   0   0   0   0  25 219 253 149   9   0   0   0   0   0 
  0   0   0   0   0   0   0   0  13  33  66   0   0   0   0   0   0  18  72 253 253 242  15   0   0   0   0   0 
  0   0   0   0   0   0   0   0  37 246 189   0   0   0   0  22  53 217 253 253 253 200   8   0   0   0   0   0 
  0   0   0   0   0   0   0   0  28 245 247 110  66  66 164 214 253 253 253 253 201  59   0   0   0   0   0   0 
  0   0   0   0   0   0   0   0  22 206 253 253 253 253 253 253 253 253 253 193  36   0   0   0   0   0   0   0 
  0   0   0   0   0   0   0   0   0 125 253 253 253 253 253 253 249 153 130  10   0   0   0   0   0   0   0   0 
  0   0   0   0   0   0   0   0   0   9  84 135 218 253 209  83  16   0   0   0   0   0   0   0   0   0   0   0 
  0   0   0   0   0   0   0   0   0   0   0   0   0   0   0   0   0   0   0   0   0   0   0   0   0   0   0   0 
  0   0   0   0   0   0   0   0   0   0   0   0   0   0   0   0   0   0   0   0   0   0   0   0   0   0   0   0 
  0   0   0   0   0   0   0   0   0   0   0   0   0   0   0   0   0   0   0   0   0   0   0   0   0   0   0   0 
  0   0   0   0   0   0   0   0   0   0   0   0   0   0   0   0   0   0   0   0   0   0   0   0   0   0   0   0 
--------
Eval for all zeroes: 0.533716
Integrated gradients wrt all zeroes:
--------
  0   0   0   0   0   0   0   0   0   0   0   0   0   0   0   0   0   0   0   0   0   0   0   0   0   0   0   0 
  0   0   0   0   0   0   0   0   0   0   0   0   0   0   0   0   0   0   0   0   0   0   0   0   0   0   0   0 
  0   0   0   0   0   0   0   0   0   0   0   0   0   0   0   0   0   0   0   0   0   0   0   0   0   0   0   0 
  0   0   0   0   0   0   0   0   0   0   0   0   0   0   0   0   0   0   0   0   0   0   0   0   0   0   0   0 
  0   0   0   0   0   0   0   1   0   0   1   0   0   0   0   0   0   0   0   0   0   0   0   0   0   0   0   0 
  0   0   0   0   0   3   4   4   6   5   7   5   2   2   2   1   1   0   0   0   0   0   0   0   0   0   0   0 
  0   0   0   0   0   1   1   1   2   2   4   5   0   6   5   5   7   6   2   0   0   0   0   0   0   0   0   0 
  0   0   0   0   0   0   0   0   0   0   0   0   0   0   4   9   7   7   4   0   0   0   0   0   0   0   0   0 
  0   0   0   0   0   0   0   0   0   0   0   0   0   1   7   7   7   6   6   0   0   0   0   0   0   0   0   0 
  0   0   0   0   0   0   0   0   0   0   0  -2  -2   0   6   9  11   5   2   0   0   0   0   0   0   0   0   0 
  0   0   0   0   0   0   0   0   0   0  -3  -8  -7   2   6   9  11   3   0   0   0   0   0   0   0   0   0   0 
  0   0   0   0   0   0   0   0   0   0  -7  -2   2   7  10   9   0   0   0   0   0   0   0   0   0   0   0   0 
  0   0   0   0   0   0   0   0   0   0  -1   3   6   9  13  14   1   0   0   0   0   0   0   0   0   0   0   0 
  0   0   0   0   0   0   0   0   0   0   0   0   5   8   9   9   8   1   0   0   0   0   0   0   0   0   0   0 
  0   0   0   0   0   0   0   0   0   0   0   0   1   0   0   2   3   2   2   0   0   0   0   0   0   0   0   0 
  0   0   0   0   0   0   0   0   0   0   0   0   0   0   0   0   0   0   2   5   1   0   0   0   0   0   0   0 
  0   0   0   0   0   0   0   0   0   0   0   0   0   0   0   0   0   0   1   5   5   1   0   0   0   0   0   0 
  0   0   0   0   0   0   0   0   0   0   0   0   0   0   0   0   0   0   0   4   3   2   0   0   0   0   0   0 
  0   0   0   0   0   0   0   0   0  -1  -2   0   0   0   0   0   0   0   1   4   3   5   0   0   0   0   0   0 
  0   0   0   0   0   0   0   0   0  -5  -2   0   0   0   0   0   0   7   8   5   3   4   0   0   0   0   0   0 
  0   0   0   0   0   0   0   0   0   1   0   0   0   0   2   3   5   7   8   4   3   0   0   0   0   0   0   0 
  0   0   0   0   0   0   0   0   0   1   1   0   1   2   3   4   8   7   7   2   0   0   0   0   0   0   0   0 
  0   0   0   0   0   0   0   0   0   2   5   6   4   6   6   6   6   3   1   0   0   0   0   0   0   0   0   0 
  0   0   0   0   0   0   0   0   0   0   2   4   5   7   4   1   0   0   0   0   0   0   0   0   0   0   0   0 
  0   0   0   0   0   0   0   0   0   0   0   0   0   0   0   0   0   0   0   0   0   0   0   0   0   0   0   0 
  0   0   0   0   0   0   0   0   0   0   0   0   0   0   0   0   0   0   0   0   0   0   0   0   0   0   0   0 
  0   0   0   0   0   0   0   0   0   0   0   0   0   0   0   0   0   0   0   0   0   0   0   0   0   0   0   0 
  0   0   0   0   0   0   0   0   0   0   0   0   0   0   0   0   0   0   0   0   0   0   0   0   0   0   0   0 
--------



--------
Eval for Test Image: 8.91561e-26
Label for Test Image: 0
Test Image:
--------
  0   0   0   0   0   0   0   0   0   0   0   0   0   0   0   0   0   0   0   0   0   0   0   0   0   0   0   0 
  0   0   0   0   0   0   0   0   0   0   0   0   0   0   0   0   0   0   0   0   0   0   0   0   0   0   0   0 
  0   0   0   0   0   0   0   0   0   0   0   0   0   0   0   0   0   0   0   0   0   0   0   0   0   0   0   0 
  0   0   0   0   0   0   0   0   0   0   0   0   0   0   0   0   0   0   0   0   0   0   0   0   0   0   0   0 
  0   0   0   0   0   0   0   0   0   0   0   0   0   0   0   0   0   0   0   0   0   0   0   0   0   0   0   0 
  0   0   0   0   0   0   0   0   0   0   0   0   0   0   0   0   0   0   0   0   0   0   0   0   0   0   0   0 
  0   0   0   0   0   0   0   0   0   0   0   0   0   0   0   0   0   0   0   0   0   0   0   0   0   0   0   0 
  0   0   0   0   0   0   0   0   0   0  21 116 143 255 253 210 143  64   0   0   0   0   0   0   0   0   0   0 
  0   0   0   0   0   0   0  15 105 176 223 252 252 253 252 252 252 236  67   0   0   0   0   0   0   0   0   0 
  0   0   0   0   0   0   0  56 252 252 252 252 252 167 209 252 252 252 237 109   0   0   0   0   0   0   0   0 
  0   0   0   0   0   0  22 206 252 252 239 116  10   2   6 106 252 252 252 131   0   0   0   0   0   0   0   0 
  0   0   0   0   0   0 132 252 252 221  34   0   0   0 116 199 252 252 233  55   0   0   0   0   0   0   0   0 
  0   0   0   0   0   0 132 252 252  84   0  27  89 199 236 252 252 252 164   0   0   0   0   0   0   0   0   0 
  0   0   0   0   0   0 128 252 252 242 231 238 252 253 252 243 252 252 245  20   0   0   0   0   0   0   0   0 
  0   0   0   0   0   0   9 180 252 252 252 252 252 228 131  17 242 252 252  21   0   0   0   0   0   0   0   0 
  0   0   0   0   0   0   0  15 151 175 175 141  66  29   0  74 250 252 252  21   0   0   0   0   0   0   0   0 
  0   0   0   0   0   0   0   0   0   0   0   0   0   0   0 100 252 252 252  21   0   0   0   0   0   0   0   0 
  0   0   0   0   0   0   0   0   0   0   0   0   0   0   0 100 253 253 165   0   0   0   0   0   0   0   0   0 
  0   0   0   0   0   0   0   0   0   0   0   0   0   0   0 176 252 252  88   0   0   0   0   0   0   0   0   0 
  0   0   0   0   0   0   0   0   0   0   0   0   0   0  27 226 252 252  55   0   0   0   0   0   0   0   0   0 
  0   0   0   0   0   0   0   0   0   0   0   0   0   0  76 252 252 247  50   0   0   0   0   0   0   0   0   0 
  0   0   0   0   0   0   0   0   0   0   0   0   0   0 176 252 252 197   0   0   0   0   0   0   0   0   0   0 
  0   0   0   0   0   0   0   0   0   0   0   0   0   0 176 252 252 159   0   0   0   0   0   0   0   0   0   0 
  0   0   0   0   0   0   0   0   0   0   0   0   0   2 179 252 251  84   0   0   0   0   0   0   0   0   0   0 
  0   0   0   0   0   0   0   0   0   0   0   0   0  34 252 252 244  54   0   0   0   0   0   0   0   0   0   0 
  0   0   0   0   0   0   0   0   0   0   0   0   0  82 252 252 252  88   0   0   0   0   0   0   0   0   0   0 
  0   0   0   0   0   0   0   0   0   0   0   0   0  19 219 252 137  12   0   0   0   0   0   0   0   0   0   0 
  0   0   0   0   0   0   0   0   0   0   0   0   0   0   0   0   0   0   0   0   0   0   0   0   0   0   0   0 
--------
Eval for all zeroes: 0.533716
Integrated gradients wrt all zeroes:
--------
  0   0   0   0   0   0   0   0   0   0   0   0   0   0   0   0   0   0   0   0   0   0   0   0   0   0   0   0 
  0   0   0   0   0   0   0   0   0   0   0   0   0   0   0   0   0   0   0   0   0   0   0   0   0   0   0   0 
  0   0   0   0   0   0   0   0   0   0   0   0   0   0   0   0   0   0   0   0   0   0   0   0   0   0   0   0 
  0   0   0   0   0   0   0   0   0   0   0   0   0   0   0   0   0   0   0   0   0   0   0   0   0   0   0   0 
  0   0   0   0   0   0   0   0   0   0   0   0   0   0   0   0   0   0   0   0   0   0   0   0   0   0   0   0 
  0   0   0   0   0   0   0   0   0   0   0   0   0   0   0   0   0   0   0   0   0   0   0   0   0   0   0   0 
  0   0   0   0   0   0   0   0   0   0   0   0   0   0   0   0   0   0   0   0   0   0   0   0   0   0   0   0 
  0   0   0   0   0   0   0   0   0   0   0  -3   2  16  21  10   4   4   0   0   0   0   0   0   0   0   0   0 
  0   0   0   0   0   0   0   0  -6 -13  -8  -4  15  27  28  17  10  10   3   0   0   0   0   0   0   0   0   0 
  0   0   0   0   0   0   0   0 -16 -17 -16  -8   8  12  17  10  14  -4  -2   5   0   0   0   0   0   0   0   0 
  0   0   0   0   0   0   0 -13 -36 -42 -32  -6   0   0   0   2  -7 -16  -3   4   0   0   0   0   0   0   0   0 
  0   0   0   0   0   0 -10 -35 -49 -41  -4   0   0   0   9   4  -5 -10  -4   0   0   0   0   0   0   0   0   0 
  0   0   0   0   0   0 -10 -28 -40 -11   0   1  10  27  27  20  11   2  -2   0   0   0   0   0   0   0   0   0 
  0   0   0   0   0   0  -5 -22 -23 -16 -18  -9  12  24  24  20  14 -10 -11   0   0   0   0   0   0   0   0   0 
  0   0   0   0   0   0   0 -15 -22 -17 -16 -12   8  26  21   2   1 -23 -23  -1   0   0   0   0   0   0   0   0 
  0   0   0   0   0   0   0  -1  -9  -9  -5   1   3   3   0   6  -9 -30 -25   0   0   0   0   0   0   0   0   0 
  0   0   0   0   0   0   0   0   0   0   0   0   0   0   0  -4 -21 -15  -8   0   0   0   0   0   0   0   0   0 
  0   0   0   0   0   0   0   0   0   0   0   0   0   0   0  -9 -17  -4   1   0   0   0   0   0   0   0   0   0 
  0   0   0   0   0   0   0   0   0   0   0   0   0   0   0 -11   0   2   3   0   0   0   0   0   0   0   0   0 
  0   0   0   0   0   0   0   0   0   0   0   0   0   0  -1 -11   0  16   3   0   0   0   0   0   0   0   0   0 
  0   0   0   0   0   0   0   0   0   0   0   0   0   0  -1  -3   5  14   4   0   0   0   0   0   0   0   0   0 
  0   0   0   0   0   0   0   0   0   0   0   0   0   0  -2  -4   4   5   0   0   0   0   0   0   0   0   0   0 
  0   0   0   0   0   0   0   0   0   0   0   0   0   0  -5  -6  -2  -3   0   0   0   0   0   0   0   0   0   0 
  0   0   0   0   0   0   0   0   0   0   0   0   0   0  -2 -11 -19  -4   0   0   0   0   0   0   0   0   0   0 
  0   0   0   0   0   0   0   0   0   0   0   0   0   1   3  -4  -7   0   0   0   0   0   0   0   0   0   0   0 
  0   0   0   0   0   0   0   0   0   0   0   0   0   2   1  -1   1  -1   0   0   0   0   0   0   0   0   0   0 
  0   0   0   0   0   0   0   0   0   0   0   0   0   0  -1  -3  -1   0   0   0   0   0   0   0   0   0   0   0 
  0   0   0   0   0   0   0   0   0   0   0   0   0   0   0   0   0   0   0   0   0   0   0   0   0   0   0   0 
--------



--------
Eval for Test Image: 0.998997
Label for Test Image: 1
Test Image:
--------
  0   0   0   0   0   0   0   0   0   0   0   0   0   0   0   0   0   0   0   0   0   0   0   0   0   0   0   0 
  0   0   0   0   0   0   0   0   0   0   0   0   0   0   0   0   0   0   0   0   0   0   0   0   0   0   0   0 
  0   0   0   0   0   0   0   0   0   0   0   0   0   0   0   0   0   0   0   0   0   0   0   0   0   0   0   0 
  0   0   0   0   0   0   0   0   0   0   0   0   0   0   0   0   0   0   0   0   0   0   0   0   0   0   0   0 
  0   0   0   0   0   0   0   0   0   0   0   0   0   0   0   0   0   0   0   0   0   0   0   0   0   0   0   0 
  0   0   0   0   0   0   0   0   0   0   0   0   0   0   0   0   0   0   0   0   0   0   0   0   0   0   0   0 
  0   0   0   0   0   0   0   0   0   0   0   0   0   0   0   0   0   0   0   0   0   0   0   0   0   0   0   0 
  0   0   0   0   0   0   7   9   9   9   9   9  36   9   4   0   0   0   0   0   0   0   0   0   0   0   0   0 
  0   0   0   2  97 128 234 254 254 254 254 254 254 254 215 180 161 125  97  97  41   0   0   0   0   0   0   0 
  0   0   0 158 254 254 254 254 254 249 254 246 246 254 254 254 254 254 254 254 234  72   0   0   0   0   0   0 
  0   0   0 152 254 198  72  89  67  45  67  35  33  67  67 129 214 238 254 254 254 175   0   0   0   0   0   0 
  0   0   0   2  61   0   0   0   0   0   0   0   0   0   0   6 119 228 254 254 247 158   0   0   0   0   0   0 
  0   0   0   0   0   0   0   0   0   0   0   0   0  40 129 209 254 254 227 202  45   0   0   0   0   0   0   0 
  0   0   0   0   0   0   0   0   0   0  27  86 201 246 254 254 247 125   5   0   0   0   0   0   0   0   0   0 
  0   0   0   0   0   0   0   0  13 158 244 254 254 254 254 254 169 169 183 176 122  68   1   0   0   0   0   0 
  0   0   0   0   0   0   0   0  13 226 254 254 254 254 254 254 254 254 254 254 254 254 155   0   0   0   0   0 
  0   0   0   0   0   0   0   0   0 133 245 254 254 254 215 249 214 188 125 219 254 254 254   0   0   0   0   0 
  0   0   0   0   0   0   0   0   0   0  30  37  37  37   6  33   5  67 211 252 254 254 238   0   0   0   0   0 
  0   0   0   0   0   0   0   0   0   0   0   0   0   0  47 128 185 251 254 254 202 146  24   0   0   0   0   0 
  0   0   0   0   0   0   0   0   0   0   0   9 101 157 250 254 254 240 146  89   2   0   0   0   0   0   0   0 
  0   0   0   0   0   0   0   0   7 101 185 234 254 254 254 241 145  27   0   0   0   0   0   0   0   0   0   0 
  0   0   0   0   0 107 150 213 236 254 254 254 254 198 117  27   0   0   0   0   0   0   0   0   0   0   0   0 
  0   0   0   0  32 250 254 254 254 254 160  33  16   3   0   0   0   0   0   0   0   0   0   0   0   0   0   0 
  0   0   0   0   8 208 254 192  96  31   3   0   0   0   0   0   0   0   0   0   0   0   0   0   0   0   0   0 
  0   0   0   0   0  65  86   2   0   0   0   0   0   0   0   0   0   0   0   0   0   0   0   0   0   0   0   0 
  0   0   0   0   0   0   0   0   0   0   0   0   0   0   0   0   0   0   0   0   0   0   0   0   0   0   0   0 
  0   0   0   0   0   0   0   0   0   0   0   0   0   0   0   0   0   0   0   0   0   0   0   0   0   0   0   0 
  0   0   0   0   0   0   0   0   0   0   0   0   0   0   0   0   0   0   0   0   0   0   0   0   0   0   0   0 
--------
Eval for all zeroes: 0.533716
Integrated gradients wrt all zeroes:
--------
  0   0   0   0   0   0   0   0   0   0   0   0   0   0   0   0   0   0   0   0   0   0   0   0   0   0   0   0 
  0   0   0   0   0   0   0   0   0   0   0   0   0   0   0   0   0   0   0   0   0   0   0   0   0   0   0   0 
  0   0   0   0   0   0   0   0   0   0   0   0   0   0   0   0   0   0   0   0   0   0   0   0   0   0   0   0 
  0   0   0   0   0   0   0   0   0   0   0   0   0   0   0   0   0   0   0   0   0   0   0   0   0   0   0   0 
  0   0   0   0   0   0   0   0   0   0   0   0   0   0   0   0   0   0   0   0   0   0   0   0   0   0   0   0 
  0   0   0   0   0   0   0   0   0   0   0   0   0   0   0   0   0   0   0   0   0   0   0   0   0   0   0   0 
  0   0   0   0   0   0   0   0   0   0   0   0   0   0   0   0   0   0   0   0   0   0   0   0   0   0   0   0 
  0   0   0   0   0   0   1   1   1   0   0   0  -1   1   0   0   0   0   0   0   0   0   0   0   0   0   0   0 
  0   0   0   0  11  22  26  21  33   5  -9 -24   8  60  46  18  -6  -4   0  -1   1   0   0   0   0   0   0   0 
  0   0   0   0  23  21  -9   0 -12 -28 -34 -49  14  27  38  45  36  -4 -19 -23  10   7   0   0   0   0   0   0 
  0   0   0   1   7  -2  -7  -8 -11 -15 -19  -7  -2   2   7  30  56   5 -11  -4  -4  -9   0   0   0   0   0   0 
  0   0   0   0  -1   0   0   0   0   0   0   0   0   0   0   1  26  40   0 -10 -15 -22   0   0   0   0   0   0 
  0   0   0   0   0   0   0   0   0   0   0   0   0   5  21  56  64  22  20  -5  -6   0   0   0   0   0   0   0 
  0   0   0   0   0   0   0   0   0   0   2   3   2   3  17  49  47  15   0   0   0   0   0   0   0   0   0   0 
  0   0   0   0   0   0   0   0  -3 -18 -21 -37 -38 -10  16  35  24  32  16   6  15   5   0   0   0   0   0   0 
  0   0   0   0   0   0   0   0  -3 -76 -90 -51  -3  31  10  18   9 -16  -2  32  42  20  15   0   0   0   0   0 
  0   0   0   0   0   0   0   0   0 -70 -119 -41  20  10 -16 -36 -25   8  11  24  32   0  -6   0   0   0   0   0 
  0   0   0   0   0   0   0   0   0   0  -6   0   0  -3  -1  -4   0   8  22  -2 -16 -28 -30   0   0   0   0   0 
  0   0   0   0   0   0   0   0   0   0   0   0   0   0  -7 -14   2  25  19 -24 -23 -12  -2   0   0   0   0   0 
  0   0   0   0   0   0   0   0   0   0   0   0   6  11   9  11  28  64  37  -3   0   0   0   0   0   0   0   0 
  0   0   0   0   0   0   0   0  -1   5  14  20  30  24  19  14  13   8   0   0   0   0   0   0   0   0   0   0 
  0   0   0   0   0 -12 -12 -44 -33 -12  18  41  45  23  12   4   0   0   0   0   0   0   0   0   0   0   0   0 
  0   0   0   0   0 -35 -31 -50 -21   0   7   3   2   0   0   0   0   0   0   0   0   0   0   0   0   0   0   0 
  0   0   0   0   0  15  20  17   4   2   0   0   0   0   0   0   0   0   0   0   0   0   0   0   0   0   0   0 
  0   0   0   0   0   8  13   0   0   0   0   0   0   0   0   0   0   0   0   0   0   0   0   0   0   0   0   0 
  0   0   0   0   0   0   0   0   0   0   0   0   0   0   0   0   0   0   0   0   0   0   0   0   0   0   0   0 
  0   0   0   0   0   0   0   0   0   0   0   0   0   0   0   0   0   0   0   0   0   0   0   0   0   0   0   0 
  0   0   0   0   0   0   0   0   0   0   0   0   0   0   0   0   0   0   0   0   0   0   0   0   0   0   0   0 
--------



--------
Eval for Test Image: 1.17883e-30
Label for Test Image: 0
Test Image:
--------
  0   0   0   0   0   0   0   0   0   0   0   0   0   0   0   0   0   0   0   0   0   0   0   0   0   0   0   0 
  0   0   0   0   0   0   0   0   0   0   0   0   0   0   0   0   0   0   0   0   0   0   0   0   0   0   0   0 
  0   0   0   0   0   0   0   0   0   0   0   0   0   0   0   0   0   0   0   0   0   0   0   0   0   0   0   0 
  0   0   0   0   0   0   0   0   0   0   0   0   0   0   0   0   0   0   0   0   0   0   0   0   0   0   0   0 
  0   0   0   0   0   0   0   0   0   0   0   0   0   0   0   0   0   0   0   0   0   0   0   0   0   0   0   0 
  0   0   0   0   0   0   0   0   0   0   0   0   0   0   0   0   0   0   0   0   0   0   0   0   0   0   0   0 
  0   0   0   0   0   0   0   0   0   0   0   0   0   0   0   0   0   0   0   0   0   0   0   0   0   0   0   0 
  0   0   0   0   0   0   0   0   0   0   0   0   0   0   0   0   0   0   0   0   0   0   0   0   0   0   0   0 
  0   0   0   0   0   0  24  96  96  96  96  96  96 155 253 253 253 253 255  63   0   0   0   0   0   0   0   0 
  0   0   0   0   0   0  84 251 253 251 251 251 251 253 251 251 251 251 253  82   0   0   0   0   0   0   0   0 
  0   0   0   0   0   0 221 251 253 251 251 251 251 253 251 251 251 251 253 220   0   0   0   0   0   0   0   0 
  0   0   0   0   0 112 248 251 253 251 251 196 228 189 236 251 211 251 253 220   0   0   0   0   0   0   0   0 
  0   0   0   0   0  48 232 251 193  94  94  12  59   0  71  94 174 251 253 121   0   0   0   0   0   0   0   0 
  0   0   0   0   0   0 163 193   0   0   0   0   0   0   0   0 223 253 159   0   0   0   0   0   0   0   0   0 
  0   0   0   0   0   0  16  23   0   0   0   0   0   0   0  16 225 251 158   0   0   0   0   0   0   0   0   0 
  0   0   0   0   0   0   0   0   0   0   0   0   0   0   0 127 251 251  79   0   0   0   0   0   0   0   0   0 
  0   0   0   0   0   0   0   0   0   0   0   0   0   0   8 158 251 251   0   0   0   0   0   0   0   0   0   0 
  0   0   0   0   0   0   0   0   0   0   0   0   0   0  32 251 251 251   0   0   0   0   0   0   0   0   0   0 
  0   0   0   0   0   0   0   0   0   0   0   0   0   0  92 253 253 193   0   0   0   0   0   0   0   0   0   0 
  0   0   0   0   0   0   0   0   0   0   0   0   0   0 190 251 251  94   0   0   0   0   0   0   0   0   0   0 
  0   0   0   0   0   0   0   0   0   0   0   0   0   0 190 251 219  47   0   0   0   0   0   0   0   0   0   0 
  0   0   0   0   0   0   0   0   0   0   0   0   0   0 190 251 188   0   0   0   0   0   0   0   0   0   0   0 
  0   0   0   0   0   0   0   0   0   0   0   0   0   0 190 251 188   0   0   0   0   0   0   0   0   0   0   0 
  0   0   0   0   0   0   0   0   0   0   0   0   0   0 191 253 189   0   0   0   0   0   0   0   0   0   0   0 
  0   0   0   0   0   0   0   0   0   0   0   0   0  72 236 251  69   0   0   0   0   0   0   0   0   0   0   0 
  0   0   0   0   0   0   0   0   0   0   0   0   0  96 251 251  31   0   0   0   0   0   0   0   0   0   0   0 
  0   0   0   0   0   0   0   0   0   0   0   0   0  72 236 251  31   0   0   0   0   0   0   0   0   0   0   0 
  0   0   0   0   0   0   0   0   0   0   0   0   0   0 190 172  12   0   0   0   0   0   0   0   0   0   0   0 
--------
Eval for all zeroes: 0.533716
Integrated gradients wrt all zeroes:
--------
  0   0   0   0   0   0   0   0   0   0   0   0   0   0   0   0   0   0   0   0   0   0   0   0   0   0   0   0 
  0   0   0   0   0   0   0   0   0   0   0   0   0   0   0   0   0   0   0   0   0   0   0   0   0   0   0   0 
  0   0   0   0   0   0   0   0   0   0   0   0   0   0   0   0   0   0   0   0   0   0   0   0   0   0   0   0 
  0   0   0   0   0   0   0   0   0   0   0   0   0   0   0   0   0   0   0   0   0   0   0   0   0   0   0   0 
  0   0   0   0   0   0   0   0   0   0   0   0   0   0   0   0   0   0   0   0   0   0   0   0   0   0   0   0 
  0   0   0   0   0   0   0   0   0   0   0   0   0   0   0   0   0   0   0   0   0   0   0   0   0   0   0   0 
  0   0   0   0   0   0   0   0   0   0   0   0   0   0   0   0   0   0   0   0   0   0   0   0   0   0   0   0 
  0   0   0   0   0   0   0   0   0   0   0   0   0   0   0   0   0   0   0   0   0   0   0   0   0   0   0   0 
  0   0   0   0   0   0   0  -2  -3  -6  -3   0   6  16  31  20  16  13  12   3   0   0   0   0   0   0   0   0 
  0   0   0   0   0   0   1   1 -17 -22 -23 -16   1  10  18  15  20   1  -3   3   0   0   0   0   0   0   0   0 
  0   0   0   0   0   0  -6 -16 -39 -49 -40 -22  -9  15  14   9   0  -9  -2   7   0   0   0   0   0   0   0   0 
  0   0   0   0   0  -5 -18 -34 -51 -50 -35  -1  13  16  15   8   0  -2   0   3   0   0   0   0   0   0   0   0 
  0   0   0   0   0  -2 -16 -26 -32 -12  -6   0   6   0   8   8   9   5   0  -4   0   0   0   0   0   0   0   0 
  0   0   0   0   0   0  -5 -15   0   0   0   0   0   0   0   0   9  -9  -4   0   0   0   0   0   0   0   0   0 
  0   0   0   0   0   0   0  -1   0   0   0   0   0   0   0   2   0 -20 -11   0   0   0   0   0   0   0   0   0 
  0   0   0   0   0   0   0   0   0   0   0   0   0   0   0   9  -7 -23  -6   0   0   0   0   0   0   0   0   0 
  0   0   0   0   0   0   0   0   0   0   0   0   0   0   0 -12 -21  -9   0   0   0   0   0   0   0   0   0   0 
  0   0   0   0   0   0   0   0   0   0   0   0   0   0  -2 -28 -14   0   0   0   0   0   0   0   0   0   0   0 
  0   0   0   0   0   0   0   0   0   0   0   0   0   0  -7 -15   4   6   0   0   0   0   0   0   0   0   0   0 
  0   0   0   0   0   0   0   0   0   0   0   0   0   0 -10 -11   3   8   0   0   0   0   0   0   0   0   0   0 
  0   0   0   0   0   0   0   0   0   0   0   0   0   0  -3  -1   7   3   0   0   0   0   0   0   0   0   0   0 
  0   0   0   0   0   0   0   0   0   0   0   0   0   0  -3  -3   6   0   0   0   0   0   0   0   0   0   0   0 
  0   0   0   0   0   0   0   0   0   0   0   0   0   0  -5  -4   0   0   0   0   0   0   0   0   0   0   0   0 
  0   0   0   0   0   0   0   0   0   0   0   0   0   0  -1  -8 -14   0   0   0   0   0   0   0   0   0   0   0 
  0   0   0   0   0   0   0   0   0   0   0   0   0   4   5  -3  -2   0   0   0   0   0   0   0   0   0   0   0 
  0   0   0   0   0   0   0   0   0   0   0   0   0   3   2   0   0   0   0   0   0   0   0   0   0   0   0   0 
  0   0   0   0   0   0   0   0   0   0   0   0   0   0  -1  -3   0   0   0   0   0   0   0   0   0   0   0   0 
  0   0   0   0   0   0   0   0   0   0   0   0   0   0   0   0   0   0   0   0   0   0   0   0   0   0   0   0 
--------



